142
2266.6468361276834 3521.0468361276835 26458258.5 0 767.2120061776226 400 351
2400.7094466425015 3499.7094466425015 26458273.5 1 760.2471848406038 400 382
2479.230212265774 3539.730212265774 26458288.5 1 759.2826667548587 400 394
2565.335398533364 3594.3353985333633 26458303.5 1 787.851991114791 400 397
2760.676465773055 3659.4764657730548 26458318.5 1 809.2056514794726 390 405
2968.797052728318 3798.9970527283176 26458333.5 1 852.5566591302481 380 392
3185.6016651875575 3915.001665187557 26458348.5 1 878.6772735786678 370 376
3397.132895085016 4015.232895085016 26458363.5 1 885.9908460608436 390 363
3551.5621360153896 4129.06213601539 26458378.5 1 862.5309899113257 390 359
3667.69581905677 4242.39581905677 26458393.5 1 861.3426292916378 400 361
3763.5958095750325 4326.395809575033 26458408.5 1 858.0657719662568 420 363
3819.509518770283 4390.7095187702835 26458423.5 1 850.0284566484627 420 363
3848.6031660462318 4433.803166046231 26458438.5 1 856.3092006663362 430 359
3855.6909414331935 4455.590941433193 26458453.5 1 834.1817111509707 450 329
3839.3537110421407 4463.753711042141 26458468.5 1 835.8984621484313 460 312
3806.6431880026907 4447.84318800269 26458483.5 1 836.1895855424588 460 317
3756.270659676001 4396.070659676001 26458498.5 1 823.5397070398365 470 330
3695.3827284620907 4320.482728462091 26458513.5 1 823.3200020722825 480 351
3627.6293543890306 4210.72935438903 26458528.5 1 818.8477089172258 490 367
3566.431165784092 4067.6311657840924 26458543.5 1 824.2015632321254 500 391
3516.0531638723105 3901.7531638723103 26458558.5 1 821.3276873866943 510 397
3473.6905533574827 3704.6905533574827 26458573.5 1 821.8779293920877 510 418
3442.0697877343678 3504.3697877343675 26458588.5 1 825.137964301303 510 431
3414.7646014666134 3302.7646014666134 26458603.5 1 827.1053309838148 520 461
3393.7235342269255 3102.5235342269257 26458618.5 1 831.8104991544641 520 491
3379.5029472716706 2892.3029472716707 26458633.5 1 822.6216484783519 520 510
3371.298334812441 2692.9983348124415 26458648.5 1 819.731412072252 520 519
3356.4671049149933 2500.3671049149934 26458663.5 1 816.1200708010022 520 533
3337.837863984492 2345.937863984492 26458678.5 1 820.9624803651416 540 545
3290.3041809430815 2216.5041809430813 26458693.5 1 807.5474832696385 540 570
3228.0041904249892 2103.1041904249896 26458708.5 1 810.7558109388733 540 606
3155.9904812297336 2028.2904812297334 26458723.5 1 800.2785782974748 550 624
3086.996833953776 1987.296833953776 26458738.5 1 797.070195888159 550 636
3040.009058566804 1968.3090585668037 26458753.5 1 790.365348667219 550 595
3008.046288957846 1984.6462889578463 26458768.5 1 788.9182559019027 560 477
3008.5568119974405 2045.3568119974404 26458783.5 1 784.6034337920204 560 316
3037.929340323976 2136.329340323976 26458798.5 1 774.3004010182376 560 10
3176.6815325108932 2431.1815325108932 26458845.0 0 766.991482476931 560 91
3410.4265847744605 2713.22658477446 26458860.0 1 761.7225047141796 560 251
3509.460660171864 2805.2606601718644 26458875.0 1 764.6727664229824 560 344
3606.1635254915695 2876.7635254915695 26458890.0 1 756.2229435094781 560 386
3700.6653483025084 2904.7653483025088 26458905.0 1 751.8815426591567 560 397
3777.018322121668 2904.1183221216684 26458920.0 1 757.1037795581381 560 413
3840.9634902137263 2883.3634902137264 26458935.0 1 765.2027943832179 550 418
3896.1 2825.1 26458950.0 1 758.4449047386605 550 420
3938.263490213731 2737.063490213731 26458965.0 1 767.8528006652481 550 431
3970.218322121535 2629.0183221215348 26458980.0 1 758.0065136904266 550 449
3994.665348302346 2536.565348302346 26458995.0 1 764.6002008371026 550 460
4022.663525491413 2505.763525491413 26459010.0 1 760.0095722994807 550 501
4061.7606601717484 2515.4606601717483 26459025.0 1 770.3342434628796 560 518
4107.6265847744635 2561.3265847744633 26459040.0 1 772.5748012002235 560 533
4151.0815325108915 2650.9815325108916 26459055.0 1 779.0288197550854 560 564
4181.613525491595 2769.7135254915956 26459070.0 1 785.5451258301216 560 588
4204.180985749716 2876.980985749715 26459085.0 1 778.9302638838133 560 613
4198.60000000018 2968.000000000181 26459100.0 1 789.2306367203637 570 636
4172.019014250296 3049.219014250296 26459115.0 1 789.856218566814 570 646
4132.286474508412 3075.286474508412 26459130.0 1 798.6463831634308 570 649
4087.91846748911 3045.61846748911 26459145.0 1 781.4238030338063 570 647
4031.273415225532 2979.873415225532 26459160.0 1 788.2112157485893 570 586
3966.539339828119 2889.939339828119 26459175.0 1 793.1193736490894 570 496
3932.1364745084084 2813.5364745084084 26459190.0 1 779.1523471747706 570 284
4562.08647450839 2815.5864745083904 26459370.0 0 819.5570934861064 550 175
4586.419014250264 2730.0190142502643 26459385.0 1 815.1617686527701 550 264
4581.499999999971 2721.5999999999704 26459400.0 1 812.6986439148119 550 338
4568.880985749527 2696.3809857495276 26459415.0 1 811.2728369509542 550 404
4569.413525491575 2660.5135254915745 26459430.0 1 818.7788343418681 550 461
4581.581532510886 2627.881532510886 26459445.0 1 806.9680336254237 560 485
4603.226584774474 2604.026584774475 26459460.0 1 804.1244629614932 560 507
4644.160660171897 2586.1606601718972 26459475.0 1 800.9569572344753 560 517
4711.463525491614 2604.463525491614 26459490.0 1 806.2403837670624 570 513
4795.465348302381 2673.765348302382 26459505.0 1 800.4044236214045 570 516
4883.018322121564 2778.1183221215642 26459520.0 1 812.459035896624 570 515
4953.263490213747 2892.4634902137473 26459535.0 1 812.999160399509 570 526
5011.9 2991.0 26459550.0 1 822.9007440494846 570 537
5035.163490213631 3078.663490213631 26459565.0 1 819.8882433339074 570 546
5028.61832212164 3144.918322121639 26459580.0 1 813.5633000741105 570 557
5001.265348302473 3180.565348302473 26459595.0 1 819.4297164667511 570 561
4951.563525491535 3196.6635254915354 26459610.0 1 825.8378074923037 580 567
4886.360660171716 3162.9606601717155 26459625.0 1 828.663693366754 580 572
4811.126584774395 3068.1265847743953 26459640.0 1 834.5117844842349 580 600
4733.481532510899 2932.3815325108985 26459655.0 1 832.423338389949 580 627
4689.113525491623 2790.713525491623 26459670.0 1 822.8579992873205 580 638
4666.880985749601 2647.3809857496003 26459685.0 1 814.8129615712153 580 644
4680.900000000052 2558.5000000000523 26459700.0 1 829.236360844881 580 650
4721.519014250493 2506.719014250493 26459715.0 1 829.9008143662327 580 668
4780.486474508439 2494.9864745084387 26459730.0 1 824.8497201131987 580 691
4860.018467489117 2521.318467489117 26459745.0 1 830.902388364997 580 697
4944.073415225518 2572.473415225518 26459760.0 1 812.568556994899 580 694
5045.239339828209 2674.3393398282096 26459775.0 1 813.6565761796066 580 694
5157.136474508364 2788.336474508364 26459790.0 1 817.927712441441 580 702
5260.034651697594 2910.8346516975953 26459805.0 1 824.8632641118802 580 684
5350.281677878416 3030.481677878417 26459820.0 1 812.2538933040656 580 656
5431.936509786242 3149.2365097862416 26459835.0 1 812.1936152818588 580 644
5484.599999999999 3228.5 26459850.0 1 817.1542628381376 580 638
5509.6365097863 3281.5365097863 26459865.0 1 823.6060296388531 580 638
5516.881677878379 3288.081677878379 26459880.0 1 814.5747843830269 580 636
5509.234651697549 3266.4346516975493 26459895.0 1 824.5171103945806 590 655
5487.536474508486 3226.536474508486 26459910.0 1 832.4736535275997 590 667
5456.1393398283 3116.0393398283004 26459925.0 1 837.4499900371487 590 664
5436.873415225611 2981.973415225611 26459940.0 1 825.0811418558201 590 662
5420.018467489124 2832.1184674891247 26459955.0 1 834.5145012743958 600 664
5420.286474508466 2734.386474508466 26459970.0 1 832.5969626735126 600 666
5432.019014250379 2696.4190142503785 26459985.0 1 836.039509441615 600 694
5466.9999999999245 2697.0999999999244 26460000.0 1 828.9686785522749 600 697
5529.280985749486 2744.6809857494864 26460015.0 1 833.7756797829046 600 690
5609.613525491547 2838.3135254915474 26460030.0 1 844.3318754435583 590 678
5698.781532510879 2963.8815325108785 26460045.0 1 854.7923091169677 590 671
5783.4265847744355 3100.3265847744347 26460060.0 1 854.1231216837757 590 655
5864.260660171806 3220.360660171806 26460075.0 1 850.8756251021275 590 645
5917.563525491657 3328.9635254916575 26460090.0 1 850.6406730273724 590 630
5938.565348302427 3415.065348302427 26460105.0 1 843.5737125851219 590 627
5937.918322121601 3460.6183221216015 26460120.0 1 852.9840540904567 590 625
5915.763490213768 3479.7634902137684 26460135.0 1 849.0284445060738 590 630
5877.099999999999 3471.2 26460150.0 1 861.2526334482677 600 630
5828.263490213689 3448.963490213689 26460165.0 1 862.5467215199717 590 628
5789.518322121601 3417.9183221216017 26460180.0 1 860.8959764473764 590 630
5764.965348302428 3392.6653483024274 26460195.0 1 865.8260039280215 590 630
5749.563525491491 3377.2635254914917 26460210.0 1 872.9943962292107 580 627
5744.560660171684 3368.760660171683 26460225.0 1 876.3480097828398 580 627
5741.4265847744355 3358.6265847744353 26460240.0 1 883.462698085563 580 628
5741.481532510907 3341.881532510906 26460255.0 1 879.0873733145866 580 639
5754.513525491547 3286.313525491547 26460270.0 1 877.5010409535727 580 650
5770.0809857496415 3205.9809857496416 26460285.0 1 880.7125835939494 580 673
5789.000000000098 3105.9000000000983 26460300.0 1 883.7611938782676 580 679
5807.919014250533 2980.619014250534 26460315.0 1 892.0969916882084 580 687
5824.186474508466 2838.686474508466 26460330.0 1 878.1348194882969 580 688
5838.6184674890965 2690.7184674890973 26460345.0 1 887.1114066009508 580 684
5845.673415225558 2538.8734152255574 26460360.0 1 870.5389242105573 580 690
5834.139339828177 2385.239339828177 26460375.0 1 896.1959090091298 590 694
5810.2364745083205 2182.1364745083206 26460390.0 1 883.080636700655 600 691
5758.434651697377 1963.734651697377 26460405.0 1 870.2526973556111 600 725
5695.381677878379 1734.7816778783795 26460420.0 1 874.3288704478788 600 752
5623.7365097863 1530.8365097863004 26460435.0 1 867.6412157399949 600 761
5547.599999999999 1349.6999999999998 26460450.0 1 869.6659613138077 610 758
5466.236509786321 1184.3365097863211 26460465.0 1 859.6440831246226 620 751
5381.781677878557 1118.081677878558 26460480.0 1 856.7349683073933 620 745
5297.834651697594 1125.8346516975948 26460495.0 1 847.660255902286 630 737
5202.636474508529 1183.93647450853 26460510.0 1 856.8414884677363 630 725
5100.539339828209 1287.6393398282094 26460525.0 1 855.4925702487825 630 713
4995.173415225571 1448.2734152255716 26460540.0 1 857.5519786308237 630 667
4895.01846748909 1647.0184674890902 26460555.0 1 854.4724767296514 630 614
4829.486474508439 1864.286474508439 26460570.0 1 853.592701117798 630 533
