146
1751.7501680455796 2987.2501680455794 57186007.5 0 731.3969046014136 520 245
1788.7741720724212 3049.474172072421 57186022.5 1 736.4663359655566 520 304
1775.185819298639 3100.985819298639 57186037.5 1 745.2053349975571 520 292
1770.395376000617 3115.7953760006167 57186052.5 1 756.8656518918723 510 304
1764.5789602465884 3105.7789602465887 57186067.5 1 757.9197756868311 510 334
1759.1837478473692 3105.2837478473693 57186082.5 1 759.6227550407627 510 369
1752.217688643477 3104.617688643477 57186097.5 1 748.5011855941406 510 392
1744.5259748515648 3094.8259748515648 57186112.5 1 750.5319746586598 510 414
1738.359391051606 3072.559391051606 57186127.5 1 756.8423011431832 510 455
1732.4414451193793 3040.0414451193797 57186142.5 1 760.134595982471 510 488
1728.941445119372 2983.341445119372 57186157.5 1 759.2023580714726 510 512
1725.7593910515857 2915.059391051586 57186172.5 1 754.2611193773506 510 527
1726.3259748512132 2838.6259748512134 57186187.5 1 758.479243274577 510 536
1727.0176886434458 2751.117688643446 57186202.5 1 754.2641813879628 510 542
1733.983747847045 2646.783747847045 57186217.5 1 763.783893270159 510 545
1744.2789602463897 2530.3789602463894 57186232.5 1 753.9979714189595 510 556
1757.795376000587 2419.295376000587 57186247.5 1 759.0998180454267 510 561
1774.4858192989182 2299.485819298918 57186262.5 1 755.1913163381244 510 567
1793.6741720727102 2170.9741720727106 57186277.5 1 756.224296046114 520 560
1815.45016804561 2040.1501680456101 57186292.5 1 747.1841823026979 520 570
1842.0498319542726 1919.7498319542726 57186307.5 1 749.6859451891856 520 560
1868.0258279274633 1823.9258279274634 57186322.5 1 754.7284970208416 520 566
1893.5141807013028 1745.114180701303 57186337.5 1 731.8202495891072 520 566
1926.3046239993948 1677.8046239993948 57186352.5 1 736.653591000429 520 569
1969.2210397534905 1624.8210397534906 57186367.5 1 739.9372528109548 520 569
2018.7162521527596 1581.9162521527596 57186382.5 1 724.621669987031 530 575
2073.282311356326 1560.1823113563257 57186397.5 1 730.6734903399449 530 594
2130.6740251482524 1560.8740251482523 57186412.5 1 726.990433121476 530 605
2192.840608948265 1573.3406089482653 57186427.5 1 729.2963665514253 530 620
2252.6585548805742 1608.6585548805742 57186442.5 1 721.1996000622438 530 638
2307.958554880674 1658.3585548806739 57186457.5 1 722.2193290772709 530 638
2361.5406089483154 1716.8406089483155 57186472.5 1 708.6144141449653 530 649
2412.774025148646 1787.6740251486465 57186487.5 1 712.7495204834337 530 652
2461.7823113564027 1879.3823113564026 57186502.5 1 719.4266013681688 530 652
2510.1162521528254 1984.4162521528256 57186517.5 1 719.7298385144383 530 656
2557.2210397535314 2114.8210397535313 57186532.5 1 721.2299861724774 530 656
2597.6046239994007 2263.004623999401 57186547.5 1 707.1845288898598 530 658
2632.7427594212613 2422.7427594212613 57186564.0 1 707.7598284308384 530 652
2649.28063941926 2562.4806394192597 57186579.0 1 715.0609650828306 530 647
2649.918928027908 2693.318928027908 57186594.0 1 704.8208229543624 530 650
2643.618486658958 2818.618486658958 57186609.0 1 707.2709636429397 530 649
2629.5268206588985 2909.5268206588985 57186624.0 1 706.0703776993195 530 652
2618.0113211534717 2958.911321153472 57186639.0 1 710.2290519025667 520 662
2611.0881720519865 2981.388172051986 57186654.0 1 721.7592310455507 520 670
2610.8406208614147 2981.1406208614144 57186669.0 1 729.4296287137089 520 668
2610.3226305110584 2973.622630511058 57186684.0 1 725.6949349703556 520 666
2613.847116138746 2914.1471161387462 57186699.0 1 720.8668109336737 520 685
2622.2613310626675 2819.6613310626676 57186714.0 1 730.2568540223396 510 685
2630.114767481592 2698.714767481592 57186729.0 1 737.8047576420734 510 685
2633.326569123933 2568.926569123933 57186744.0 1 720.7609797228648 510 691
2633.359559471476 2433.1595594714763 57186759.0 1 731.515523554614 510 699
2633.7065470586854 2305.4065470586856 57186774.0 1 737.1923934830548 510 702
2630.791893119487 2183.4918931194875 57186789.0 1 731.035578376035 510 690
2631.4879998499587 2088.287999849959 57186804.0 1 733.4420539183528 510 696
2632.1431250668365 2009.1431250668368 57186819.0 1 745.5432462756835 510 717
2636.814460020154 1934.0144600201538 57186834.0 1 737.8726073156661 510 727
2643.2992598405467 1871.8992598405468 57186849.0 1 732.435289467216 510 750
2652.2572405786736 1818.5572405786738 57186864.0 1 725.9715019892666 510 765
2667.9193605806204 1779.61936058062 57186879.0 1 732.6411937101078 510 774
2690.381071971943 1747.481071971943 57186894.0 1 718.210960845201 520 791
2719.7815133408963 1720.1815133408963 57186909.0 1 718.4620111677485 520 790
2754.1731793412455 1699.9731793412457 57186924.0 1 728.9311204209304 520 797
2790.8886788465948 1684.888678846595 57186939.0 1 718.5038836990221 520 803
2828.611827947989 1673.6118279479888 57186954.0 1 726.7838776663926 520 802
2870.159379138474 1664.0593791384742 57186969.0 1 718.522821277996 520 806
2911.977369488768 1654.0773694887682 57186984.0 1 727.7670955798045 520 812
2947.652883861405 1646.3528838614047 57186999.0 1 714.364177054607 520 821
2979.1386689374694 1640.7386689374691 57187014.0 1 723.0890950162817 520 832
3006.9852325185007 1637.0852325185006 57187029.0 1 724.9788258104381 520 830
3029.6734308760947 1633.8734308760947 57187044.0 1 724.4292314991442 520 832
3049.2404405285783 1633.8404405285787 57187059.0 1 726.4211448454513 520 818
3068.4934529412103 1633.4934529412105 57187074.0 1 714.757975655467 520 822
3089.60810688037 1632.9081068803698 57187089.0 1 717.8375173817744 520 825
3115.512000149891 1642.0120001498906 57187104.0 1 719.9503404123321 520 828
3145.656874933327 1664.4568749333266 57187119.0 1 731.9239190038982 520 825
3180.885539980109 1696.8855399801093 57187134.0 1 725.0434561024799 520 821
3215.700740159459 1736.6007401594593 57187149.0 1 725.8655436977408 520 827
3249.4427594212416 1789.2427594212418 57187164.0 1 725.3272456572121 520 818
3279.2806394192235 1866.6806394192233 57187179.0 1 720.0259619926561 520 812
3305.8189280282054 1960.4189280282055 57187194.0 1 736.6272337251393 520 817
3329.6184866589133 2077.3184866589136 57187209.0 1 727.8430205013694 520 817
3345.6268206588647 2210.2268206588647 57187224.0 1 733.1576907591134 520 811
3361.4113211534564 2354.111321153456 57187239.0 1 729.2845521333546 530 809
3371.2881720519918 2494.8881720519917 57187254.0 1 729.7440509529887 520 802
3377.3406208614406 2622.0406208614404 57187269.0 1 736.2128310732855 520 796
3376.822630511405 2739.822630511405 57187284.0 1 742.1165476694039 520 796
3369.1471161387926 2824.5471161387927 57187299.0 1 739.6538849528896 520 796
3359.3613310627097 2880.5613310627095 57187314.0 1 747.6166924543576 520 799
3351.8147674816205 2917.11476748162 57187329.0 1 745.25872235646 520 799
3346.626569123942 2931.526569123942 57187344.0 1 756.4492405602558 520 797
3346.659559471366 2935.7595594713657 57187359.0 1 766.3153364051428 510 785
3347.006547058893 2936.106547058893 57187374.0 1 769.9573543083425 510 797
3347.5918931197725 2917.7918931197723 57187389.0 1 763.2261582820117 510 796
3348.2879998502594 2856.1879998502595 57187404.0 1 755.1610999364061 510 794
3348.9431250667985 2763.7431250667983 57187419.0 1 767.5859163622239 510 794
3357.114460019963 2638.214460019963 57187434.0 1 770.9744816026482 510 794
3360.7992598405453 2506.0992598405455 57187449.0 1 765.2547793441357 500 785
3360.6572405786933 2370.1572405786933 57187464.0 1 768.6404586967848 500 787
3364.4193605806568 2235.3193605806564 57187479.0 1 762.3261965543697 500 785
3367.2810719719887 2126.181071971989 57187494.0 1 777.3403561660926 500 787
3374.981513341276 2034.481513341276 57187509.0 1 760.4700684483558 500 787
3389.0731793412792 1949.1731793412791 57187524.0 1 765.8350864597139 500 785
3410.3886788466107 1863.3886788466107 57187539.0 1 769.9133521565744 510 788
3444.611827947983 1801.0118279479827 57187554.0 1 759.4336674897266 510 788
3486.1593791386445 1754.3593791386445 57187569.0 1 758.1456717993875 510 783
3547.5773694887275 1712.177369488728 57187584.0 1 760.9657131902445 520 785
3621.140091245229 1684.940091245229 57187585.5 1 758.1662475722167 520 783
3704.423560975745 1669.5235609757453 57187600.5 1 743.5000403140035 530 777
3791.2018947212932 1670.2018947212937 57187615.5 1 747.3912859767573 530 771
3872.2272245761383 1689.6272245761388 57187630.5 1 746.6024944546336 530 759
3940.3850354865413 1715.0850354865418 57187645.5 1 738.2177441657286 530 755
4001.219128038281 1756.3191280382807 57187660.5 1 746.2056098256485 540 724
4052.643869195146 1808.4438691951461 57187675.5 1 752.8719274281837 540 700
4081.4410604880836 1868.7410604880843 57187690.5 1 749.3971326331691 540 659
4095.442106349713 1938.042106349713 57187705.5 1 748.0699786690691 550 647
4087.7993696620288 2004.5993696620285 57187720.5 1 748.9224942579888 550 631
4061.452958636319 2047.5529586363193 57187735.5 1 747.4692807894136 550 625
4022.800185051275 2076.800185051275 57187750.5 1 738.1889369397019 550 634
3983.774351554851 2084.674351554851 57187765.5 1 756.1684240600492 550 649
3946.4374921219987 2076.737492121999 57187780.5 1 750.8890427102928 550 667
3912.788648151936 2057.7886481519363 57187795.5 1 757.1434305154324 540 711
3884.0858761272534 2015.7858761272532 57187810.5 1 757.5311156130839 540 749
3871.3771894464476 1964.5771894464474 57187825.5 1 752.5274907191183 540 773
3871.733689522147 1906.833689522147 57187840.5 1 752.0183091061773 540 783
3884.3776639892417 1855.0776639892422 57187855.5 1 756.5816432587599 540 805
3919.0995269879077 1810.6995269879078 57187870.5 1 751.164093105093 540 811
3966.159908754948 1770.9599087549482 57187885.5 1 758.8946626862328 540 806
4036.8764390241026 1734.576439024103 57187900.5 1 750.8932599856881 540 788
4139.098105278573 1718.4981052785722 57187915.5 1 761.5172755422125 540 758
4262.472775423774 1717.9727754237738 57187930.5 1 762.1315023405843 540 663
4398.014964513437 1737.3149645134367 57187945.5 1 757.1143274476948 540 371
3085.452186828756 2233.5521868287565 57188412.0 0 760.4215662268779 490 296
3079.7251666045586 2273.3251666045585 57188427.0 1 763.170828503544 490 420
3067.4528747416766 2285.5528747416765 57188442.0 1 763.8952722088954 500 496
3067.463875142898 2289.063875142898 57188457.0 1 761.8983478113151 510 539
3067.155769864285 2288.755769864285 57188472.0 1 764.2539212582572 510 605
3072.195721836024 2288.195721836024 57188487.0 1 747.8745260404472 510 650
3089.005814220672 2287.505814220672 57188502.0 1 765.3295203651659 510 690
3114.936437876549 2293.836437876549 57188517.0 1 754.2277990963304 510 721
3158.533508111795 2293.3335081117953 57188532.0 1 755.6317875373188 510 761
3224.806657053126 2283.306657053126 57188547.0 1 750.7446993612489 510 759
3305.405335271088 2270.1053352710883 57188562.0 1 747.6073566742492 510 768
3381.408032201937 2253.7080322019374 57188577.0 1 751.2518822116407 510 767
3448.526965168923 2237.526965168923 57188592.0 1 752.311702705758 510 754
3508.7272148622137 2227.027214862214 57188607.0 1 766.2993979913135 520 694
3584.9561359845343 2219.256135984534 57188622.0 1 768.4625448175357 520 546
