192
1539.0080322020356 2811.6080322020352 57241377.0 0 812.5763783205819 490 191
1515.82696516905 2849.3269651690503 57241392.0 1 818.8296329248423 500 244
1526.3272148620006 2868.9272148620003 57241407.0 1 812.9356134891448 510 250
1526.956135984366 2876.556135984366 57241422.0 1 815.9392240625222 510 260
1523.876631938438 2876.976631938438 57241437.0 1 813.7104847579945 510 312
1523.9970400926493 2877.097040092649 57241452.0 1 806.7031437679244 510 384
1523.791113040682 2876.891113040682 57241467.0 1 812.869920667845 510 402
1519.8037401923707 2876.4037401923706 57241482.0 1 815.1755238210333 510 409
1519.1411624700982 2869.441162470098 57241497.0 1 823.1508304274086 510 436
1513.547813170981 2832.3478131709808 57241512.0 1 822.4759365170462 510 465
1512.9748333954856 2777.1748333954856 57241527.0 1 831.1140308050722 510 494
1517.5471252583402 2685.84712525834 57241542.0 1 825.1098049958669 510 513
1524.5361248570873 2575.936124857087 57241557.0 1 823.1880301766538 510 537
1533.944230135672 2454.444230135672 57241572.0 1 828.8086552971739 510 537
1542.9042781639143 2323.4042781639146 57241587.0 1 827.9452461195223 510 548
1551.9941857792608 2192.4941857792605 57241602.0 1 822.2456594489943 510 557
1564.5635621233932 2078.363562123393 57241617.0 1 849.809662866746 520 557
1581.1664918881684 1975.2664918881683 57241632.0 1 836.8254542518329 520 561
1600.2933429468674 1882.3933429468673 57241647.0 1 831.9506453834622 520 561
1619.094664728936 1821.394664728936 57241662.0 1 833.8199742948607 520 550
1638.291967797851 1781.0919677978509 57241677.0 1 822.08291109186 520 452
1660.7730348308028 1743.373034830803 57241692.0 1 820.4232376827456 520 113
1676.3353985334427 2171.2353985334425 57241903.5 0 806.3114061455717 540 232
1686.1764657729757 2139.0764657729756 57241918.5 1 822.3636251563031 540 394
1673.7970527284438 2175.697052728444 57241933.5 1 815.9269458518805 540 418
1666.6016651875614 2187.401665187561 57241948.5 1 817.1316283853055 520 409
1666.7328950849114 2182.6328950849115 57241963.5 1 812.288360100465 520 413
1678.3621360153275 2173.262136015327 57241978.5 1 820.056857160189 520 425
1702.7958190568631 2162.695819056863 57241993.5 1 815.4390200831291 520 475
1735.6958095749558 2149.395809574956 57242008.5 1 819.5603223035263 520 515
1784.6095187703536 2132.5095187703537 57242023.5 1 811.38440143284 520 535
1854.3031660462036 2128.0031660462037 57242038.5 1 809.2003025779435 520 542
1937.690941433183 2131.590941433183 57242053.5 1 821.0721598195125 520 551
2007.4537110419928 2136.253711041993 57242068.5 1 813.3154192513689 520 537
2074.1431880027603 2139.94318800276 57242083.5 1 816.03212759961 520 475
2138.5706596760806 2143.4706596760807 57242098.5 1 810.4905267957342 520 284
2299.0378639845544 2721.1378639845543 57242278.5 0 826.2203458484405 510 431
2298.404180942988 2720.504180942988 57242293.5 1 826.504071911599 500 510
2287.2041904252346 2758.3041904252345 57242308.5 1 838.3209011559288 500 502
2280.290481229792 2762.590481229792 57242323.5 1 846.4576287514553 490 504
2279.896833953866 2745.396833953866 57242338.5 1 839.4828736403259 490 514
2286.8090585667946 2711.009058566795 57242353.5 1 843.4780979776725 490 535
2290.5462889578985 2654.5462889578985 57242368.5 1 847.91354998572 480 551
2295.256811997371 2583.656811997371 57242383.5 1 865.189371871245 490 589
2309.2293403240706 2510.8293403240705 57242398.5 1 854.9111907393685 490 616
2328.817271537815 2412.817271537815 57242413.5 1 861.1821536479606 490 638
2350.370645611014 2298.570645611014 57242428.5 1 856.4777205562738 490 649
2366.768834215957 2189.6688342159573 57242443.5 1 848.1376086762726 490 655
2378.6468361277166 2096.5468361277167 57242458.5 1 861.7811337807675 500 653
2391.609446642469 2013.6094466424686 57242473.5 1 854.8701871222878 500 633
2405.030212265892 1933.2302122658916 57242488.5 1 855.1279986416221 500 501
2429.5353985334887 1866.7353985334885 57242503.5 1 850.5446610155744 510 61
2911.2 1996.9999999999998 57243150.0 0 742.1641395237801 470 221
2911.3634902137533 1997.163490213753 57243165.0 1 760.8127840646564 480 251
2911.8183221214335 1997.6183221214333 57243180.0 1 771.1629859699825 490 244
2887.9653483023944 2004.5653483023946 57243195.0 1 792.2915820601061 490 274
2880.2635254912934 1997.5635254912936 57243210.0 1 802.0263943599101 500 315
2875.960660171659 1988.3606601716594 57243225.0 1 801.7085643742729 500 369
2876.3265847744246 1978.2265847744247 57243240.0 1 813.1896261307111 500 414
2881.926584774425 1957.2265847744247 57243240.0 1 808.245820091185 500 452
2902.2815325109386 1930.6815325109387 57243255.0 1 802.6398297624519 500 472
2932.8135254916697 1901.0135254916695 57243270.0 1 812.5693404393834 500 491
2976.3809857496713 1882.9809857496716 57243285.0 1 805.322296746175 500 491
3023.2999999999574 1873.1999999999573 57243300.0 1 811.8851842560498 500 499
3066.0190142502524 1872.5190142502527 57243315.0 1 810.5601587251122 500 505
3105.3864745084857 1887.3864745084857 57243330.0 1 811.8604629257192 500 512
3126.1184674891024 1906.7184674891023 57243345.0 1 807.0357430052209 500 515
3142.973415225493 1933.3734152254933 57243360.0 1 802.5577854836793 500 519
3158.0393398281535 1968.7393398281533 57243375.0 1 811.6724874472117 500 514
3158.6364745084547 2009.9364745084547 57243390.0 1 813.3121768209837 500 509
3146.7346516973444 2042.834651697344 57243405.0 1 812.4163298215805 500 497
3121.4816778783525 2072.8816778783525 57243420.0 1 813.4189440375669 500 497
3086.9365097861264 2084.5365097861263 57243435.0 1 810.5513218290195 500 497
3045.7999999999997 2084.7 57243450.0 1 809.0590958819444 500 504
3000.8365097863366 2068.4365097863365 57243465.0 1 818.2567051863982 500 513
2958.381677878444 2033.681677878444 57243480.0 1 802.9648779181679 500 533
2917.1346516974554 1987.5346516974555 57243495.0 1 813.0488366037519 500 554
2891.936474508562 1925.236474508562 57243510.0 1 821.4239024938155 500 570
2876.639339828233 1861.639339828233 57243525.0 1 805.4329242545455 500 586
2886.073415225528 1798.9734152255282 57243540.0 1 810.4250860678006 500 606
2914.7184674890846 1747.818467489085 57243555.0 1 812.9101856741537 500 616
2956.986474508419 1702.5864745084195 57243570.0 1 814.6477221218529 490 619
3021.919014250152 1670.919014250152 57243585.0 1 810.4979613314724 500 611
3107.2999999998447 1661.7999999998447 57243600.0 1 814.2739400094293 500 522
3205.280985749571 1668.080985749571 57243615.0 1 826.0802375229316 500 207
3598.7468361276988 2604.7468361276988 57243841.5 0 833.2303502845153 470 513
3598.768834215971 2604.768834215971 57243856.5 1 834.518526666992 470 522
3569.770645611056 2600.270645611056 57243871.5 1 842.3894043288506 470 521
3555.2172715378756 2603.2172715378756 57243886.5 1 832.9690874950531 460 524
3551.029340324137 2575.9293403241372 57243901.5 1 833.8969743776195 460 532
3546.156811997429 2531.8568119974293 57243916.5 1 834.9239225021549 460 545
3545.6462889581267 2476.0462889581268 57243931.5 1 838.3353249961871 470 585
3560.1090585668408 2404.4090585668405 57243946.5 1 848.279802501019 470 634
3581.896833953719 2310.6968339537193 57243961.5 1 834.5997497947928 470 646
3606.7904812294846 2201.8904812294845 57243976.5 1 835.492138382934 480 659
3629.104190424833 2098.2041904248335 57243991.5 1 842.5061615965675 480 672
3646.604180942923 2002.3041809429228 57244006.5 1 846.5524286400167 490 681
3661.9378639845017 1911.2378639845022 57244021.5 1 854.3867963469559 490 679
3681.2671049149985 1838.1671049149986 57244036.5 1 845.9663291133146 500 688
3703.7983348124485 1783.6983348124488 57244051.5 1 845.799623245429 500 679
3739.302947271664 1740.8029472716642 57244066.5 1 847.1197081390059 510 668
3782.923534227207 1708.823534227207 57244081.5 1 849.3916245005067 510 606
3845.264601466774 1692.7646014667741 57244096.5 1 847.6897687421407 510 443
4740.432895085082 1932.7328950850826 57244336.5 0 887.9343684175097 510 208
4740.301665187541 1932.6016651875416 57244351.5 1 878.4215549559673 510 301
4740.497052728238 1932.7970527282378 57244366.5 1 878.5881360211131 510 307
4740.976465772919 1933.2764657729197 57244381.5 1 884.2532191774591 510 324
4741.635398533375 1933.9353985333764 57244396.5 1 884.6167375974802 510 364
4728.330212265785 1962.6302122657862 57244411.5 1 890.4028969330892 510 436
4718.409446642392 1980.0094466423927 57244426.5 1 888.1070193673671 520 496
4702.646836127687 2009.046836127687 57244441.5 1 881.4038190977222 520 538
4702.6688342159805 2009.0688342159804 57244456.5 1 887.3348520669845 520 584
4669.470645611084 2032.5706456110847 57244471.5 1 878.131881396378 530 605
4652.117271537918 2036.917271537918 57244486.5 1 883.1805575949062 530 616
4633.229340324183 2028.5293403241833 57244501.5 1 882.7411608193056 530 614
4608.756811997469 2011.0568119974694 57244516.5 1 879.8614004840758 530 647
4580.946288958152 1973.446288958152 57244531.5 1 880.2300895320957 520 671
4556.9090585668455 1920.0090585668456 57244546.5 1 882.7797054729831 520 678
4538.096833953827 1857.096833953826 57244561.5 1 889.640299706993 520 682
4527.290481229708 1809.890481229709 57244576.5 1 872.1971285078783 520 682
4539.104190425126 1775.5041904251257 57244591.5 1 879.6556961094722 520 675
4565.704180942877 1749.6041809428777 57244606.5 1 879.656780576078 530 661
4609.737863984466 1739.0378639844662 57244621.5 1 874.1813800573119 530 633
4669.667104914979 1744.3671049149798 57244636.5 1 876.9728757665856 530 599
4739.798334812451 1760.598334812451 57244651.5 1 878.7596887438796 530 564
4811.702947271687 1790.502947271687 57244666.5 1 874.8888004293134 530 540
4857.423534227245 1824.323534227245 57244681.5 1 867.1008517860183 530 533
4886.16460146682 1860.7646014668198 57244696.5 1 862.2236638241258 530 526
4889.669787734399 1904.1697877343986 57244711.5 1 866.4328907211568 530 537
4882.79055335774 1944.89055335774 57244726.5 1 871.1686099090872 530 591
4869.853163872364 1964.8531638723653 57244741.5 1 870.5002637895992 530 619
4858.63116578405 1972.53116578405 57244756.5 1 863.2205453936916 530 644
4847.72935438901 1963.7293543890098 57244771.5 1 870.01073948284 530 663
4832.1827284622195 1925.7827284622201 57244786.5 1 870.5998329349443 530 702
4812.570659675968 1868.370659675968 57244801.5 1 857.6953842952269 530 714
4799.943188002662 1813.0431880026622 57244816.5 1 871.0727006884381 530 731
4789.953711041931 1737.9537110419308 57244831.5 1 879.3741412120282 530 722
4790.19094143317 1649.2909414331707 57244846.5 1 878.7314791436205 530 721
4790.103166046243 1518.3031660462434 57244861.5 1 873.7442051311953 530 720
4803.009518770437 1396.1095187704373 57244876.5 1 882.5484428517352 540 728
4813.595809575065 1279.2958095750646 57244891.5 1 875.6160251572385 540 722
4812.895819057316 1159.5958190573156 57244906.5 1 884.7803205304492 540 728
4801.062136015688 1080.562136015688 57244921.5 1 865.8880154194852 550 731
4783.832895084958 1029.0328950849578 57244936.5 1 867.0648397154883 560 721
4752.901665187555 989.001665187556 57244951.5 1 862.1801374777473 570 730
4713.197052728388 970.2970527283879 57244966.5 1 851.9565508412259 570 731
4668.876465772881 965.8764657728813 57244981.5 1 842.1446332497826 580 742
4622.63539853333 987.5353985333305 57244996.5 1 848.5846502575051 590 742
4574.330212265742 1030.2302122657431 57245011.5 1 835.9135951492736 600 746
4531.509446642362 1087.5094466423618 57245026.5 1 826.702976237152 600 743
4491.946836127675 1156.4468361276747 57245041.5 1 826.4919483102868 600 740
4458.368834215989 1232.0688342159897 57245056.5 1 821.85128487299 600 731
4436.370645611113 1311.5706456111136 57245071.5 1 831.1856353879956 600 721
4421.11727153796 1376.11727153796 57245086.5 1 821.5182828938304 600 670
4420.429340324229 1425.8293403242294 57245101.5 1 828.1926721955057 600 509
5577.741162469638 1960.841162469638 57245403.0 0 940.9038159317524 480 397
5607.103740192275 1969.9037401922753 57245418.0 1 931.9052724778988 480 502
5599.191113040446 1995.5911130404465 57245433.0 1 932.3608758140156 480 538
5592.39704009262 2005.59704009262 57245448.0 1 942.8696252231056 500 561
5586.676631938482 2020.1766319384828 57245463.0 1 937.9977967704831 500 578
5572.256135984721 2038.656135984722 57245478.0 1 933.6732774221238 500 611
5551.327214862111 2059.0272148621107 57245493.0 1 926.3330763711049 500 643
5519.12696516916 2074.4269651691593 57245508.0 1 938.0574791851867 510 666
5484.90803220212 2080.8080322021196 57245523.0 1 930.7539237169956 510 691
5448.805335271178 2072.005335271178 57245538.0 1 926.7950698479311 520 697
5412.30665705307 2053.0066570530703 57245553.0 1 924.096399795109 520 722
5379.633508111665 2015.4335081116649 57245568.0 1 921.2990505007816 530 737
5345.836437876339 1961.3364378763395 57245583.0 1 926.437656730778 530 757
5310.105814220429 1895.505814220429 57245598.0 1 909.0171843881669 540 754
5297.4957218358 1835.9957218358004 57245613.0 1 909.6048649854229 540 757
5302.955769863906 1788.9557698639073 57245628.0 1 908.0620915753519 540 754
5319.363875142844 1750.7638751428449 57245643.0 1 914.5415097454211 540 758
5362.052874741649 1725.5528747416502 57245658.0 1 912.7715653233415 540 731
5421.925166604488 1715.4251666044886 57245673.0 1 916.4174949379288 540 702
5492.752186828983 1714.852186828983 57245688.0 1 914.2806472514314 540 646
5571.15883753021 1735.1588375302108 57245703.0 1 928.9955243255017 540 617
5624.396259807597 1761.7962598075965 57245718.0 1 921.171207595767 540 617
5661.008886959476 1793.508886959476 57245733.0 1 922.7888240832123 540 614
5676.90295990737 1828.3029599073702 57245748.0 1 921.4899193293683 540 614
5677.023368061438 1869.7233680614384 57245763.0 1 917.0613684674188 540 611
5668.343864015125 1916.3438640151255 57245778.0 1 922.3569086193302 540 665
5657.072785137696 1949.8727851376962 57245793.0 1 912.1139782195023 540 700
5645.873034830649 1959.673034830649 57245808.0 1 917.5999334461659 540 727
5635.291967797731 1953.9919677977314 57245823.0 1 908.394900190771 540 756
5620.294664728877 1924.2946647288775 57245838.0 1 924.4895119380544 540 799
5601.493342946916 1880.2933429469153 57245853.0 1 916.7663446785917 540 825
5587.966491888254 1826.8664918882537 57245868.0 1 920.6708924383236 540 863
5578.36356212353 1773.8635621235298 57245883.0 1 910.7329280313585 540 858
5596.59418577942 1719.9941857794195 57245898.0 1 910.290405305548 540 863
5632.30427816406 1672.4042781640603 57245913.0 1 917.3415096623822 540 857
5684.944230135995 1629.844230135996 57245928.0 1 913.1537914226909 540 740
5774.2361248571215 1606.436124857122 57245943.0 1 931.7253531741978 540 160
