268
1843.6537110420495 4495.95371104205 12712468.5 0 661.6592742348959 520 15
1848.7431880026222 4517.843188002622 12712483.5 1 667.6785639848268 530 115
1848.0706596760965 4526.970659676096 12712498.5 1 666.0586931285235 530 168
1847.3827284621782 4532.582728462178 12712513.5 1 671.7702193469503 530 223
1846.829354388981 4535.529354388981 12712528.5 1 678.3362843240615 540 279
1851.4311657840763 4535.231165784076 12712543.5 1 686.0882354478065 530 356
1856.3531638723082 4535.253163872308 12712558.5 1 682.4530377899011 530 425
1872.7905533575358 4516.6905533575355 12712573.5 1 696.7142828534694 540 480
1897.169787734278 4489.969787734278 12712588.5 1 688.9927959177417 540 537
1924.4646014666052 4436.0646014666045 12712603.5 1 689.1426621031397 540 592
1953.1235342269918 4359.723534226991 12712618.5 1 692.7713547151262 550 634
1985.1029472716232 4267.802947271623 12712633.5 1 693.5867465053154 550 658
2016.7983348124408 4160.19833481244 12712648.5 1 696.409223370336 550 676
2048.8671049149607 4053.6671049149604 12712663.5 1 698.8751660602285 550 700
2077.8378639844987 3948.2378639844983 12712678.5 1 683.373899851601 550 717
2104.5041809430895 3870.6041809430894 12712693.5 1 685.4453050101023 550 731
2129.704190425082 3806.204190425082 12712708.5 1 677.1934780316553 550 737
2151.4904812297395 3751.6904812297394 12712723.5 1 670.8050180465117 550 745
2170.6968339537793 3699.496833953779 12712738.5 1 667.2108923090274 550 754
2182.509058566822 3656.709058566822 12712753.5 1 669.4612549820947 550 761
2191.1462889579375 3621.2462889579374 12712768.5 1 657.3893844167615 550 761
2197.9568119972814 3591.6568119972812 12712783.5 1 656.8806356159849 560 763
2202.8293403239672 3572.7293403239673 12712798.5 1 648.6688118987596 560 749
2203.51727153788 3560.81727153788 12712813.5 1 639.1523117759817 560 694
2204.070645611004 3561.370645611004 12712828.5 1 633.5335192871548 560 611
2204.368834215936 3561.6688342159364 12712843.5 1 632.9319487822138 560 396
2194.962136015483 4172.462136015483 12712978.5 0 631.9454534170262 550 186
2246.6958190569735 4269.695819056973 12712993.5 1 632.6090783755101 550 253
2254.395809574896 4311.695809574895 12713008.5 1 623.4188927048768 550 296
2255.009518770243 4349.409518770243 12713023.5 1 636.182901544864 550 386
2255.4031660462433 4372.203166046243 12713038.5 1 634.9864336657618 550 468
2255.49094143319 4385.590941433189 12713053.5 1 651.3520802394368 550 521
2255.253711042075 4385.353711042075 12713068.5 1 653.5369959881788 550 569
2254.7431880026625 4355.443188002662 12713083.5 1 654.8528201272716 550 616
2239.3706596760553 4312.070659676056 12713098.5 1 661.8937008315396 550 649
2216.2827284621408 4242.082728462141 12713113.5 1 676.4660732648022 550 696
2175.12935438901 4156.129354389011 12713128.5 1 685.37821455969 550 720
2127.231165784068 4059.9311657840676 12713143.5 1 685.469232024579 550 754
2074.7531638722958 3968.9531638722956 12713158.5 1 679.1677416996703 550 759
2024.6905533575637 3888.0905533575633 12713173.5 1 679.5446341917558 550 777
1986.0697877343166 3813.769787734316 12713188.5 1 682.013824638667 560 785
1954.5646014665592 3759.864601466559 12713203.5 1 677.1305885001954 560 787
1937.023534227026 3724.123534227026 12713218.5 1 669.892600125136 560 784
1929.1029472716436 3700.802947271643 12713233.5 1 670.994974111617 560 774
1929.2983348124428 3694.6983348124427 12713248.5 1 651.7093460046871 560 757
1929.1671049149797 3691.0671049149796 12713263.5 1 657.1454014137545 560 725
1935.0378639845346 3690.6378639845343 12713278.5 1 657.4290411887656 570 669
1945.6041809430492 3690.004180943049 12713293.5 1 656.1640162159213 570 592
1961.0041904251261 3696.3041904251263 12713308.5 1 642.0192026992805 570 452
1979.2904812297093 3706.8904812297087 12713323.5 1 640.6773371985884 570 182
2411.2635254915276 4535.763525491527 12713610.0 0 655.2952752660858 530 371
2442.6606601717717 4547.560660171772 12713625.0 1 662.732733103538 540 430
2443.02658477442 4547.92658477442 12713640.0 1 656.102828972371 540 485
2454.2815325108863 4526.981532510887 12713655.0 1 664.9376002326578 540 578
2467.3135254915765 4489.613525491576 12713670.0 1 675.2362031555886 550 665
2482.880985749686 4430.980985749685 12713685.0 1 674.1719888364769 550 714
2498.9999999999736 4372.899999999973 12713700.0 1 671.0716225859486 550 733
2521.4190142504226 4314.119014250422 12713715.0 1 666.596708787215 550 745
2545.386474508444 4268.086474508445 12713730.0 1 678.7520664187775 550 751
2571.718467489105 4230.718467489105 12713745.0 1 695.8799345951915 550 757
2594.873415225542 4192.973415225542 12713760.0 1 685.9660512485639 550 757
2616.939339828204 4159.039339828203 12713775.0 1 681.4568112183546 550 749
2637.1364745084393 4127.4364745084395 12713790.0 1 689.3977970857449 550 708
2653.934651697587 4096.634651697586 12713805.0 1 689.8676129202913 550 634
2667.8816778784103 4076.28167787841 12713820.0 1 683.8120274511962 560 513
2685.8365097862384 4062.736509786238 12713835.0 1 673.0981110717623 560 284
2813.27341522556 4304.27341522556 12713940.0 0 667.9204171174272 550 134
2850.3184674891095 4365.818467489109 12713955.0 1 668.2047503193165 550 254
2854.7864745084103 4385.686474508409 12713970.0 1 673.816214706444 550 358
2855.3190142503713 4400.919014250371 12713985.0 1 659.8128757153077 550 453
2856.000000000003 4412.800000000003 12714000.0 1 658.2540705358238 550 540
2850.3809857495567 4416.980985749556 12714015.0 1 669.1495850453189 550 580
2843.9135254915423 4417.513525491542 12714030.0 1 674.5500305540336 550 591
2834.381532510891 4412.181532510891 12714045.0 1 669.5535242576998 550 608
2822.4265847744646 4401.626584774464 12714060.0 1 664.4570402590477 550 627
2808.7606601717503 4378.86066017175 12714075.0 1 674.2311878928733 550 643
2794.1635254915823 4348.863525491582 12714090.0 1 667.6839510971893 550 668
2778.765348302522 4323.665348302521 12714105.0 1 661.6317900671808 550 670
2766.2183221215378 4298.5183221215375 12714120.0 1 682.7121482148509 560 693
2754.563490213732 4273.563490213733 12714135.0 1 681.3665699486814 560 702
2742.5 4245.4 12714150.0 1 665.4024560266184 560 722
2730.063490213725 4216.863490213725 12714165.0 1 677.4818978744553 560 737
2720.0183221215243 4175.318322121524 12714180.0 1 675.9111018966639 560 763
2710.8653483024195 4126.26534830242 12714195.0 1 677.2020062272343 560 780
2703.8635254914834 4056.9635254914833 12714210.0 1 686.6513582573641 560 803
2698.8606601718006 3995.9606601718006 12714225.0 1 673.4810886195605 560 822
2699.2265847744325 3940.3265847744324 12714240.0 1 678.0211368421666 560 851
2699.2815325109073 3888.5815325109074 12714255.0 1 659.465472860757 560 864
2703.213525491552 3835.813525491552 12714270.0 1 669.8377980112967 560 887
2702.680985749649 3783.480985749649 12714285.0 1 659.8944676284198 570 908
2702.0000000000196 3731.000000000019 12714300.0 1 645.5908942072996 560 899
2705.5190142503857 3681.3190142503854 12714315.0 1 637.9086299207613 560 909
2704.986474508471 3641.586474508471 12714330.0 1 639.6097588442963 560 911
2704.7184674891123 3609.1184674891124 12714345.0 1 636.4206424002577 560 915
2704.773415225555 3592.3734152255547 12714360.0 1 620.7920968820288 570 914
2708.639339828233 3582.239339828233 12714375.0 1 620.771724068178 570 915
2709.2364745083955 3577.2364745083955 12714390.0 1 619.193297514817 570 909
2709.9346516975415 3577.9346516975415 12714405.0 1 619.7575616590958 570 905
2710.5816778784433 3578.5816778784433 12714420.0 1 605.8249979132636 580 842
2711.036509786257 3593.036509786257 12714435.0 1 605.5609993961381 580 713
2703.5 3612.1 12714450.0 1 593.671548876736 580 405
3328.8958095749513 3965.195809574951 12714691.5 0 617.9245341087303 520 393
3394.6958190569444 3967.995819056944 12714706.5 1 624.9510461971465 530 536
3401.762136015528 3973.662136015528 12714721.5 1 630.8701258638383 530 537
3405.532895085053 3979.532895085053 12714736.5 1 626.4321559987789 530 557
3409.6016651875575 4004.6016651875575 12714751.5 1 615.8176686415043 540 605
3413.9970527283162 4032.097052728316 12714766.5 1 629.4845825175117 550 652
3414.4764657729793 4061.2764657729795 12714781.5 1 625.7151248077232 560 670
3411.6353985333603 4093.4353985333605 12714796.5 1 631.4340170783992 560 667
3408.8302122656078 4124.930212265607 12714811.5 1 628.6842536538271 570 670
3401.709446642441 4154.2094466424405 12714826.5 1 624.765748356745 570 673
3392.2468361276824 4172.046836127683 12714841.5 1 628.7762148336695 580 679
3375.4688342159307 4181.86883421593 12714856.5 1 625.5374306864255 580 676
3354.87064561104 4181.57064561104 12714871.5 1 643.4345965339704 590 673
3331.2172715379324 4167.717271537932 12714886.5 1 634.5356240874092 590 669
3299.7293403239373 4142.5293403239375 12714901.5 1 643.254012387954 590 672
3268.9568119974074 4096.356811997407 12714916.5 1 651.8337958837509 590 678
3241.146288957921 4042.646288957921 12714931.5 1 663.8720961529541 590 699
3218.509058566819 3983.609058566819 12714946.5 1 647.6599156216698 590 724
3209.4968339537277 3915.0968339537276 12714961.5 1 648.2346661612978 590 758
3209.8904812297615 3856.6904812297616 12714976.5 1 650.0400102570633 590 777
3221.7041904250264 3804.8041904250263 12714991.5 1 643.6848447487614 580 784
3250.4041809429477 3759.3041809429474 12715006.5 1 653.2070568141744 580 799
3289.5378639845217 3728.4378639845213 12715021.5 1 650.9665149992943 580 806
3339.6671049149368 3707.1671049149368 12715036.5 1 640.696649615575 580 817
3389.4983348124438 3700.9983348124433 12715051.5 1 626.8014906292437 580 821
3439.0029472716515 3707.802947271651 12715066.5 1 626.1113950433227 570 823
3487.52353422704 3722.7235342270396 12715081.5 1 628.8375953310125 570 824
3535.8646014666624 3755.664601466662 12715096.5 1 620.9700664733621 570 821
3579.969787734332 3803.2697877343317 12715111.5 1 599.3070839663231 580 820
3622.0905533575155 3860.0905533575155 12715126.5 1 615.8389783459005 580 817
3663.753163872323 3924.153163872323 12715141.5 1 592.5232528077296 580 803
3698.0311657840466 3995.5311657840466 12715156.5 1 598.0194659212641 590 796
3727.7293543889996 4072.1293543889997 12715171.5 1 587.2993073944451 590 777
3745.0827284620464 4144.082728462046 12715186.5 1 601.9839474906056 590 768
3755.5706596760388 4205.670659676039 12715201.5 1 597.4471977533357 590 759
3761.143188002648 4259.543188002649 12715216.5 1 612.8483232383594 590 756
3761.6537110420177 4303.453711042018 12715231.5 1 614.5846940706264 590 757
3761.8909414331783 4335.1909414331785 12715246.5 1 617.0837155404299 590 760
3761.803166046249 4359.603166046249 12715261.5 1 621.8374830422898 590 757
3756.509518770255 4367.609518770255 12715276.5 1 627.9038465843665 590 759
3755.8958095749954 4373.2958095749955 12715291.5 1 631.3215091121426 590 762
3755.195819056989 4372.595819056989 12715306.5 1 642.470275627998 590 771
3754.5621360154955 4371.962136015496 12715321.5 1 648.3319056412661 590 771
3749.2328950850724 4368.032895085072 12715336.5 1 657.9002376009514 600 771
3740.7016651875592 4339.901665187559 12715351.5 1 674.880643680994 590 790
3727.6335081117277 4296.033508111728 12715368.0 1 666.2945939768082 590 806
3712.036437876365 4225.8364378763645 12715383.0 1 676.1896032986631 590 827
3694.5058142206335 4139.005814220633 12715398.0 1 683.2503456128237 590 860
3676.995721835988 4041.6957218359885 12715413.0 1 681.4797033571735 590 860
3660.755769864149 3961.755769864149 12715428.0 1 666.2382737624765 590 872
3649.8638751428894 3899.7638751428894 12715443.0 1 654.3899482423013 590 876
3643.552874741686 3849.352874741686 12715458.0 1 671.2229356278278 590 876
3643.2251666044685 3811.9251666044684 12715473.0 1 651.6706887012953 600 876
3642.652186829036 3795.252186829036 12715488.0 1 667.7306749917086 600 870
3647.5588375300067 3794.5588375300067 12715503.0 1 654.7333291278678 600 854
3652.496259807571 3793.896259807571 12715518.0 1 649.9451972058021 600 863
3658.3088869595053 3806.708886959505 12715533.0 1 645.7392436817883 600 849
3667.202959907357 3833.802959907357 12715548.0 1 636.5899370898339 600 837
3678.52336806145 3873.12336806145 12715563.0 1 640.7592935688475 600 825
3690.1438640153506 3909.9438640153503 12715578.0 1 622.9587945022244 600 821
3701.972785137896 3941.3727851378962 12715593.0 1 619.339472590096 600 805
3713.1730348307624 3967.9730348307626 12715608.0 1 608.4741429078616 600 787
3722.89196779795 3992.39196779795 12715623.0 1 610.4710473496744 610 784
3730.9946647288243 4014.4946647288243 12715638.0 1 606.8892682041878 610 777
3740.193342946904 4034.193342946904 12715653.0 1 597.4006827618007 610 773
3749.766491888284 4048.666491888284 12715668.0 1 609.033873126033 610 770
3759.7635621235786 4061.463562123579 12715683.0 1 610.1021692919444 610 771
3767.494185779302 4067.794185779302 12715698.0 1 603.7559511253354 610 768
3774.5042781641127 4067.1042781641127 12715713.0 1 606.757821860099 610 770
3780.9442301358654 4066.5442301358653 12715728.0 1 596.3221831220459 610 770
3788.336124857096 4059.936124857096 12715743.0 1 607.4787769505222 610 771
3796.7471252583077 4050.147125258308 12715758.0 1 605.1382701632251 610 773
3805.474833395516 4033.6748333955156 12715773.0 1 603.540580020889 610 777
3812.347813170942 4013.247813170942 12715788.0 1 608.2454288573948 610 782
3817.9411624699696 3989.4411624699696 12715803.0 1 612.284493114473 600 791
3818.603740192409 3964.203740192409 12715818.0 1 605.3544811278917 600 784
3819.091113040527 3935.991113040527 12715833.0 1 604.7554425760004 600 796
3819.297040092641 3907.497040092641 12715848.0 1 606.7115832422977 600 800
3822.6766319385583 3878.6766319385583 12715863.0 1 606.4323235210423 600 806
3828.5561359845997 3851.6561359845996 12715878.0 1 619.4566970274026 600 808
3840.527214862126 3825.827214862126 12715893.0 1 606.0371756505706 600 809
3858.7269651692595 3802.0269651692593 12715908.0 1 610.4713118906419 600 811
3888.208032202001 3785.308032202001 12715923.0 1 603.7517832619051 610 817
3925.6053352711833 3774.4053352711835 12715938.0 1 613.633084730285 610 812
3972.406657053093 3774.306657053093 12715953.0 1 603.0836499900291 610 814
4020.9335081117497 3783.6335081117495 12715968.0 1 612.3724827064929 610 809
4073.2364378763255 3798.1364378763255 12715983.0 1 604.0092961580863 610 814
4114.505814220674 3819.805814220674 12715998.0 1 608.1352267425248 620 817
4148.095721835946 3844.295721835946 12716013.0 1 602.3689688709018 620 820
4175.955769864176 3870.7557698641754 12716028.0 1 596.7957101188689 620 818
4195.163875142898 3896.963875142898 12716043.0 1 596.4881493821351 620 815
4209.152874741698 3922.852874741697 12716058.0 1 604.7143762858348 630 818
4216.152874741698 3953.6528747416974 12716058.0 1 598.9938060693248 630 811
4215.825166604442 3988.325166604441 12716073.0 1 597.1256345181274 630 806
4211.052186829079 4026.9521868290785 12716088.0 1 602.5966174961283 630 802
4199.858837530053 4061.2588375300525 12716103.0 1 599.9223345917457 640 811
4188.696259807536 4092.7962598075364 12716118.0 1 599.1040327135635 640 814
4177.708886959529 4103.508886959529 12716133.0 1 600.6767709215803 640 823
4167.0029599073605 4111.0029599073605 12716148.0 1 611.0967228776111 630 821
4147.5233680614665 4102.0233680614665 12716163.0 1 620.9919029565291 630 818
4121.343864015383 4083.543864015382 12716178.0 1 620.7330888795357 630 806
4083.472785137851 4040.072785137851 12716193.0 1 630.438345651622 630 802
4040.073034830718 3993.173034830718 12716208.0 1 629.5651664664824 630 806
3993.0919677979814 3941.291967797981 12716223.0 1 635.3367881878391 630 814
3968.9946647288075 3887.0946647288074 12716238.0 1 638.9486208979358 630 829
3959.9933429469 3844.4933429469 12716253.0 1 625.9650766272471 630 818
3959.766491888262 3809.966491888262 12716268.0 1 636.9637461285524 630 821
3980.963562123694 3788.463562123694 12716283.0 1 632.7463836508731 620 827
4004.094185779261 3778.6941857792613 12716298.0 1 630.3513996682722 620 833
4039.8042781640747 3778.004278164075 12716313.0 1 644.6769174240012 620 842
4083.3442301358386 3786.544230135839 12716328.0 1 636.5135004523388 620 849
4121.536124857087 3804.436124857087 12716343.0 1 627.8138299546365 620 852
4151.647125258296 3827.547125258296 12716358.0 1 634.9704496526995 620 851
4175.774833395543 3847.474833395543 12716373.0 1 615.7572871106489 620 852
4192.447813170981 3866.94781317098 12716388.0 1 619.7981810133477 620 848
4204.341162469924 3890.0411624699236 12716403.0 1 608.7221415624333 630 842
4212.003740192444 3915.903740192444 12716418.0 1 613.4446653164439 630 828
4220.891113040503 3942.991113040504 12716433.0 1 597.0612056734093 630 821
4227.397040092644 3967.6970400926434 12716448.0 1 592.6513973269739 640 830
4232.176631938542 3987.876631938542 12716463.0 1 606.103027177457 640 830
4238.056135984702 3997.2561359847023 12716478.0 1 599.6486851496259 640 830
4237.427214862086 3996.6272148620856 12716493.0 1 597.6908619836802 640 822
4236.726965169304 3995.926965169304 12716508.0 1 608.7363109415461 650 825
4230.508032202036 3984.8080322020355 12716523.0 1 603.6253784399591 650 831
4221.705335271168 3961.3053352711686 12716538.0 1 615.9866866519681 650 848
4210.406657053089 3929.706657053089 12716553.0 1 606.5717154145477 650 858
4205.0335081117255 3899.833508111725 12716568.0 1 606.4750202857565 650 853
4205.536437876362 3869.536437876361 12716583.0 1 608.7919705325172 650 866
4206.205814220716 3838.705814220715 12716598.0 1 610.2382237840712 650 882
4217.395721835904 3812.0957218359035 12716613.0 1 613.2458946014974 650 894
4230.555769864146 3787.4557698641456 12716628.0 1 614.2348110155849 650 896
4253.963875142907 3770.963875142907 12716643.0 1 607.5600168311184 650 900
4284.052874741708 3764.6528747417087 12716658.0 1 608.9173123744894 650 906
4324.325166604414 3764.325166604414 12716673.0 1 604.9434408658024 650 899
4367.15218682904 3778.4521868290403 12716688.0 1 598.6844594043152 650 906
4413.358837530099 3808.5588375300986 12716703.0 1 609.8708174916653 650 906
4459.596259807501 3849.8962598075013 12716718.0 1 608.8959242644423 650 900
4501.108886959508 3892.8088869595076 12716733.0 1 598.8744469405277 650 896
4539.402959907357 3934.6029599073577 12716748.0 1 597.3633449740655 650 906
4573.123368061483 3973.923368061483 12716763.0 1 592.5766814667408 650 902
4599.443864015347 4007.9438640153467 12716778.0 1 589.3697563862656 640 903
4621.072785137891 4038.672785137891 12716793.0 1 582.031176078311 640 899
4632.973034830758 4067.373034830757 12716808.0 1 594.8495383178102 640 899
4637.091967797946 4083.3919677979466 12716823.0 1 606.9587241048195 650 903
4637.4946647288225 4090.794664728822 12716838.0 1 591.5622731152973 650 900
4626.3933429469125 4090.8933429469125 12716853.0 1 599.179710420175 650 899
4613.566491888239 4078.7664918882397 12716868.0 1 608.728378155862 650 908
4599.063562123658 4054.4635621236584 12716883.0 1 604.2254792169642 650 906
4587.101894721368 4015.2018947213683 12716884.5 1 609.823517368153 650 933
4578.023560976005 3972.5235609760043 12716899.5 1 613.0543621736144 640 946
4577.340091245227 3923.540091245227 12716914.5 1 614.0566319885318 640 995
4581.000473012262 3870.5004730122614 12716929.5 1 616.0747356709562 640 991
4601.022336010777 3817.722336010776 12716944.5 1 618.1952307295361 640 1023
4630.466310477795 3766.6663104777954 12716959.5 1 624.1251810697173 640 1023
4670.022810553355 3721.5228105533556 12716974.5 1 620.8466848422929 640 1023
4729.414123872644 3671.7141238726444 12716989.5 1 620.5821201214945 640 1023
4802.21135184787 3618.51135184787 12717004.5 1 611.7837036252112 640 1023
4865.862507878055 3614.262507878055 12717019.5 1 611.3348461851679 660 1023
4917.425648445098 3607.0256484450983 12717034.5 1 605.0058019809619 660 1021
4960.999814948722 3625.3998149487215 12717049.5 1 601.1630169361616 660 920
4981.147041363651 3661.647041363651 12717064.5 1 589.7905372567277 660 685
4558.48817205196 4285.48817205196 12717246.0 0 601.6036428306843 660 845
4599.711321153425 4215.411321153426 12717261.0 1 604.1750172144435 660 870
4594.426820658926 4191.926820658926 12717276.0 1 621.7939298294693 650 876
4636.518486659078 4175.918486659079 12717291.0 1 637.1531331654375 650 869
4678.5189280281165 4147.918928028117 12717306.0 1 655.5624718335753 640 866
4705.880639419565 4123.480639419566 12717321.0 1 662.6626039425306 640 719
