216
1667.4471161386255 3800.3471161386256 12792699.0 0 657.9877264055553 530 322
1687.0613310626372 3779.361331062637 12792714.0 1 658.199121532898 530 344
1686.5147674814643 3778.814767481464 12792729.0 1 656.4121982125356 540 413
1698.8265691239108 3782.0265691239106 12792744.0 1 662.0317681289857 540 522
1714.9595594714856 3771.5595594714855 12792759.0 1 657.5251462696821 540 585
1736.306547058828 3761.406547058828 12792774.0 1 658.8890806142346 540 647
1771.891893119601 3755.691893119601 12792789.0 1 659.5236042946375 540 697
1815.9879998503386 3752.8879998503385 12792804.0 1 647.769674667867 550 722
1885.24312506672 3771.74312506672 12792819.0 1 656.1572531104972 550 757
1955.014460020086 3805.814460020086 12792834.0 1 653.9373427276317 550 762
2028.6992598405477 3850.7992598405476 12792849.0 1 653.4230824678056 550 785
2106.257240578734 3895.457240578734 12792864.0 1 660.0211984023485 550 791
2187.0193605804557 3937.7193605804555 12792879.0 1 653.3353289305846 550 796
2250.0810719719098 3974.1810719719097 12792894.0 1 639.9166171548148 550 796
2300.4815133409475 4003.5815133409474 12792909.0 1 634.0977524502666 550 797
2330.6731793410936 4018.3731793410934 12792924.0 1 644.9974999547684 550 793
2344.2886788465835 4024.9886788465833 12792939.0 1 643.6896480677907 550 790
2344.2118279480255 4024.9118279480253 12792954.0 1 640.558956768691 550 788
2344.4593791385423 4025.159379138542 12792969.0 1 638.1212946167424 550 777
2344.977369488874 4025.677369488874 12792984.0 1 640.0652345552427 550 722
2334.4528838613514 4022.852883861351 12792999.0 1 641.0012275681797 550 627
2314.838668937263 4023.5386689372626 12793014.0 1 634.3992622339616 550 376
2050.080639419526 4274.6806394195255 12793179.0 0 664.2336244051235 530 55
2070.318928028067 4311.0189280280665 12793194.0 1 665.4132644294369 530 250
2071.01848665903 4321.518486659029 12793209.0 1 675.9050713491986 530 285
2071.6268206588893 4322.126820658888 12793224.0 1 684.8361621291892 530 339
2072.0113211534085 4322.511321153408 12793239.0 1 695.9348886171091 520 473
2072.088172051966 4300.188172051966 12793254.0 1 697.834295300217 520 557
2082.3406208614215 4262.8406208614215 12793269.0 1 695.2464600648178 520 613
2081.822630511222 4174.822630511222 12793284.0 1 700.4342925012115 520 676
2072.7471161385843 4061.447116138584 12793299.0 1 700.5458873573913 520 733
2049.661331062679 3931.961331062679 12793314.0 1 704.1919889193161 530 793
2019.7147674814391 3793.514767481439 12793329.0 1 696.3850584530859 530 827
1985.8265691239194 3653.2265691239195 12793344.0 1 709.0379173435336 530 840
1957.859559471473 3536.3595594714725 12793359.0 1 709.0476696142657 540 848
1933.0065470588563 3435.9065470588566 12793374.0 1 702.5406389441313 540 849
1920.2918931195577 3359.491893119558 12793389.0 1 684.3256951370269 540 845
1914.6879998503794 3316.087999850379 12793404.0 1 713.3093389486618 540 836
1915.343125066754 3295.0431250667543 12793419.0 1 687.0806764866658 540 802
1919.3144600200217 3292.0144600200215 12793434.0 1 681.5811788057794 550 730
1922.999259840549 3303.399259840549 12793449.0 1 667.6201507943354 550 591
1927.0572405787163 3324.957240578716 12793464.0 1 666.8680353036036 560 254
2025.1018947214004 3813.6018947214 12793615.5 0 630.1310027013866 540 202
2071.827224576108 3786.827224576108 12793630.5 1 625.2318217740491 540 333
2097.285035486571 3756.9850354865707 12793645.5 1 631.693134547614 540 465
2122.4191280382415 3718.419128038241 12793660.5 1 632.2571586461693 540 585
2167.543869194934 3678.143869194934 12793675.5 1 634.7086998926061 540 696
2213.8410604878013 3634.8410604878013 12793690.5 1 619.743676777821 530 743
2272.6421063495936 3587.942106349594 12793705.5 1 645.2303083106515 530 785
2338.4993696620713 3541.0993696620717 12793720.5 1 632.4133110370653 530 812
2412.952958636343 3499.352958636343 12793735.5 1 648.1461456297579 540 818
2491.200185051277 3461.400185051277 12793750.5 1 651.4144812147701 540 834
2573.9743515548257 3425.174351554826 12793765.5 1 648.2566624531723 540 842
2657.037492121955 3389.2374921219553 12793780.5 1 645.8698421742101 550 848
2728.3886481520562 3360.488648152056 12793795.5 1 639.856261050037 550 849
2791.385876127285 3336.685876127285 12793810.5 1 638.8688072754037 550 852
2847.277189446653 3325.377189446653 12793825.5 1 627.0682149674818 550 848
2886.1336895221825 3321.5336895221826 12793840.5 1 631.1572962112123 550 840
2912.7776639892363 3321.5776639892365 12793855.5 1 637.7232177772956 550 836
2926.4995269877304 3324.7995269877306 12793870.5 1 619.3223711403137 550 828
2925.959908754761 3324.259908754761 12793885.5 1 636.7764599443741 550 790
2911.276439024069 3343.876439024069 12793900.5 1 620.7468299569304 550 570
3795.4638751429093 4333.7638751429095 12794457.0 0 649.3408042346953 500 287
3814.055769864208 4311.055769864208 12794472.0 1 666.6469706233925 500 346
3819.0957218359927 4310.495721835993 12794487.0 1 665.7096593960804 500 428
3824.0058142207254 4288.105814220726 12794502.0 1 673.4508969319155 510 535
3813.5364378763693 4251.73643787637 12794517.0 1 679.1632125668245 510 603
3792.733508111777 4207.833508111777 12794532.0 1 688.8942247378651 510 649
3757.506657053098 4149.506657053098 12794547.0 1 689.2671179234412 510 679
3709.305335271165 4080.305335271165 12794562.0 1 697.1148047792747 510 694
3653.008032201962 4004.408032201962 12794577.0 1 692.3118559955035 520 711
3585.7269651692945 3943.4269651692944 12794592.0 1 686.3481786070295 520 719
3520.627214862076 3882.527214862076 12794607.0 1 691.3859152441144 520 716
3458.9561359845607 3821.5561359845606 12794622.0 1 684.7590289729176 530 716
3401.976631938538 3773.676631938538 12794637.0 1 677.3854756429404 530 708
3361.4970400926445 3733.1970400926443 12794652.0 1 685.4367413022918 530 699
3331.891113040509 3718.991113040509 12794667.0 1 685.9954067888189 530 585
3320.203740192452 3726.9037401924525 12794682.0 1 681.0559005916383 540 386
3380.393342946899 4231.593342946899 12794847.0 0 653.0995589453678 510 63
3420.8946647288435 4293.794664728843 12794862.0 1 655.5359779152044 510 107
3431.691967797989 4307.391967797988 12794877.0 1 658.0430217064835 510 163
3448.573034830812 4311.673034830811 12794892.0 1 664.1336789468508 510 287
3468.172785137946 4301.172785137946 12794907.0 1 678.1704461234165 510 393
3494.14386401539 4275.34386401539 12794922.0 1 671.6322252881484 510 464
3524.5233680614706 4239.923368061471 12794937.0 1 681.6817863034134 510 541
3561.502959907354 4188.702959907354 12794952.0 1 680.825300729314 510 592
3601.6088869594787 4135.008886959479 12794967.0 1 679.9996078455478 510 647
3641.296259807528 4071.796259807528 12794982.0 1 690.0328448843712 510 690
3678.3588375299555 4004.558837529956 12794997.0 1 693.1094098819091 510 734
3714.0521868290693 3933.1521868290697 12795012.0 1 684.0284341800632 510 762
3744.0251666044346 3857.4251666044347 12795027.0 1 685.1770333814993 520 794
3766.752874741673 3773.752874741673 12795042.0 1 684.394864581505 520 832
3783.5638751429005 3684.8638751429003 12795057.0 1 684.9073004343594 530 861
3795.1557698641814 3597.7557698641817 12795072.0 1 679.4132447330086 530 885
3799.495721835955 3525.795721835955 12795087.0 1 669.7894744429324 530 906
3798.805814220684 3462.1058142206844 12795102.0 1 684.6376648721854 530 939
3792.5364378764093 3403.3364378764095 12795117.0 1 676.8894101435628 530 941
3778.733508111755 3348.933508111755 12795132.0 1 658.0932158033073 530 955
3759.6066570530943 3296.906657053094 12795147.0 1 666.1604151416574 530 964
3735.905335271148 3259.205335271148 12795162.0 1 656.6702231803044 530 965
3705.508032201993 3229.5080322019935 12795177.0 1 649.2822334155833 540 965
3671.126965169165 3205.6269651691655 12795192.0 1 635.9711331768749 540 961
3638.927214862116 3198.627214862116 12795207.0 1 648.3592334540315 540 944
3607.3561359845917 3213.2561359845918 12795222.0 1 628.9008235617529 540 929
3573.4766319384853 3242.3766319384854 12795237.0 1 619.9506977884296 540 866
3537.8970400926414 3305.497040092642 12795252.0 1 628.3016749226516 540 762
3515.2911130405323 3387.191113040532 12795267.0 1 619.4749946242208 540 668
3514.8037401924917 3480.5037401924915 12795282.0 1 627.6193361708712 540 537
3526.74116246998 3563.8411624699797 12795297.0 1 623.2078892950038 540 348
3550.547813171033 3649.2478131710327 12795312.0 1 628.4005516767671 540 251
3575.17483339558 3733.37483339558 12795327.0 1 627.139785265724 540 239
3601.4471252583103 3816.3471252583104 12795342.0 1 615.1457658611732 540 249
3625.936124857094 3874.436124857094 12795357.0 1 617.8709931277405 540 270
3649.344230135803 3909.7442301358033 12795372.0 1 610.0505539187891 540 304
3666.004278164023 3930.604278164023 12795387.0 1 615.6994286469522 540 430
3675.094185779292 3931.294185779292 12795402.0 1 609.7688848316576 540 557
3675.7635621235704 3900.4635621235707 12795417.0 1 627.7320964215476 540 625
3671.366491888279 3851.266491888279 12795432.0 1 621.3123487404905 540 687
3650.366491888279 3775.666491888279 12795432.0 1 623.1827721485483 540 721
3621.193342946903 3696.0933429469032 12795447.0 1 636.5991642891261 540 760
3589.59466472886 3612.69466472886 12795462.0 1 634.1530914388887 540 785
3559.091967797958 3541.591967797958 12795477.0 1 634.9518495133914 540 785
3533.273034830772 3491.273034830772 12795492.0 1 638.9037871046654 540 777
3521.372785137906 3454.872785137906 12795507.0 1 643.8710226656224 540 757
3520.743864015358 3447.943864015358 12795522.0 1 640.8896813148408 540 669
3520.323368061489 3456.623368061489 12795537.0 1 639.9767161617574 540 480
4050.776465773022 4348.276465773021 12795718.5 0 665.8656470591729 530 208
4105.597052728342 4377.897052728342 12795733.5 1 654.0337766558906 530 342
4105.40166518756 4358.10166518756 12795748.5 1 674.4216493657835 530 469
4085.932895085032 4319.7328950850315 12795763.5 1 659.0362321798966 530 556
4058.362136015488 4269.762136015488 12795778.5 1 685.3155481966774 540 611
4024.6958190568935 4215.095819056894 12795793.5 1 680.7862703303782 540 646
3993.8958095749017 4162.595809574902 12795808.5 1 676.3906596763247 530 673
3977.709518770248 4125.409518770248 12795823.5 1 683.5161533704539 530 667
3969.0031660462455 4098.5031660462455 12795838.5 1 682.1201473089416 530 666
3969.090941433189 4075.4909414331887 12795853.5 1 701.5374326201214 540 667
3976.5537110420714 4054.9537110420715 12795868.5 1 685.661111148412 540 666
3987.2431880026566 4036.943188002657 12795883.5 1 688.5291636361839 540 666
3999.1706596761364 4023.6706596761364 12795898.5 1 686.5615196319447 540 663
4013.882728462055 4015.9827284620555 12795913.5 1 679.9663545431416 550 667
4030.129354389006 4011.929354389006 12795928.5 1 681.3925377947107 550 670
4055.731165784084 4011.6311657840843 12795943.5 1 674.496945608429 550 673
4087.9531638723206 4026.3531638723207 12795958.5 1 677.7198113887604 550 679
4119.7905533575085 4044.190553357509 12795973.5 1 663.5129798736688 550 685
4155.369787734322 4062.9697877343224 12795988.5 1 665.2609315794081 550 687
4197.364601466652 4083.2646014666525 12796003.5 1 661.5087206591727 550 691
4242.123534226958 4104.223534226958 12796018.5 1 661.9094737305277 550 691
4289.502947271647 4121.502947271647 12796033.5 1 669.0025441168458 550 696
4335.898334812443 4135.698334812443 12796048.5 1 668.5433597603288 550 699
4374.267104914941 4145.367104914942 12796063.5 1 669.8272359665875 550 702
4407.43786398453 4144.93786398453 12796078.5 1 668.6378303281306 550 696
4433.404180943043 4144.304180943043 12796093.5 1 669.5425170802557 560 705
4450.204190425035 4133.804190425036 12796108.5 1 665.5740234342173 560 721
4460.790481229768 4119.890481229769 12796123.5 1 676.3405673580318 560 739
4471.596833953793 4097.096833953793 12796138.5 1 675.3459196330398 560 770
4478.509058566818 4069.009058566817 12796153.5 1 669.8641419012816 560 793
4483.646288957915 4037.7462889579156 12796168.5 1 675.9494772399843 560 827
4489.756811997323 4005.356811997323 12796183.5 1 683.370467517355 550 846
4496.729340323927 3968.2293403239273 12796198.5 1 693.6549420366122 550 861
4503.717271537843 3917.8172715378437 12796213.5 1 689.6852009343794 550 885
4514.770645610979 3859.570645610979 12796228.5 1 670.6593602079239 560 900
4525.568834215928 3788.468834215928 12796243.5 1 672.3588570706729 560 951
4536.746836127684 3717.0468361276853 12796258.5 1 686.1957830006303 560 965
4544.809446642506 3644.609446642506 12796273.5 1 677.3021564952652 560 979
4551.230212265698 3578.9302122656986 12796288.5 1 662.2117575326919 560 1006
4554.73539853337 3518.0353985333704 12796303.5 1 662.2203188197135 560 1023
4554.076465773061 3455.776465773061 12796318.5 1 663.2299905163802 570 1023
4547.2970527283205 3398.597052728321 12796333.5 1 655.6674697152974 570 1023
4538.001665187558 3344.501665187558 12796348.5 1 641.9864057422044 570 1023
4526.932895085012 3305.432895085013 12796363.5 1 640.3274327319682 570 1023
4515.46213601552 3275.0621360155205 12796378.5 1 642.5045666688716 570 1023
4495.0958190569345 3251.1958190569344 12796393.5 1 621.0842296560461 570 1023
4470.595809574942 3232.2958095749414 12796408.5 1 618.1176350435259 570 1023
4443.209518770278 3217.5095187702786 12796423.5 1 615.7602880871814 570 1023
4409.303166046229 3205.303166046229 12796438.5 1 616.5404933664407 570 1023
4370.190941433185 3196.2909414331843 12796453.5 1 609.6050973574913 580 1023
4327.253711042049 3196.0537110420487 12796468.5 1 601.6081604587343 580 1023
4281.2431880026215 3202.543188002621 12796483.5 1 612.1904190496565 580 1023
4230.870659676096 3221.470659676095 12796498.5 1 610.7578328652504 580 1023
4177.682728462178 3258.582728462177 12796513.5 1 608.347516784985 580 971
4124.629354388981 3308.4293543889803 12796528.5 1 598.5782073908655 590 867
4076.0311657840757 3375.331165784076 12796543.5 1 602.7550731437358 590 739
4036.1531638722854 3449.5531638722855 12796558.5 1 603.0965648787228 590 567
4081.1816778784514 3904.7816778784513 12796680.0 0 615.3183302601433 560 310
4105.734651697638 3886.6346516976373 12796695.0 1 617.9511066237409 560 436
4113.436474508488 3860.736474508488 12796710.0 1 620.6743254465177 560 548
4119.83933982824 3806.9393398282396 12796725.0 1 633.0866225159285 560 647
4127.173415225558 3734.473415225558 12796740.0 1 628.0171697231594 560 724
4131.318467489097 3667.218467489097 12796755.0 1 638.1038718568425 560 760
4131.586474508414 3617.7864745084134 12796770.0 1 640.2814829757203 560 756
4137.719014250377 3579.819014250377 12796785.0 1 646.6428680726071 560 753
4143.299999999923 3559.4999999999222 12796800.0 1 642.5971962333828 570 761
4150.2809857496395 3548.2809857496404 12796815.0 1 640.7959089307502 570 725
4154.313525491546 3543.913525491546 12796830.0 1 630.284998231274 570 613
4154.581532510878 3544.1815325108787 12796845.0 1 643.4863247438036 570 317
4143.363490213728 3864.0634902137276 12796965.0 0 637.3955330529194 570 170
4213.11832212153 3890.4183221215294 12796980.0 1 652.5042004693138 570 309
4252.965348302426 3900.1653483024256 12796995.0 1 641.6821280649699 570 467
4292.863525491573 3908.563525491573 12797010.0 1 630.3246176390122 570 530
4332.660660171743 3916.8606601717433 12797025.0 1 643.5463846910583 570 589
4363.126584774462 3912.3265847744615 12797040.0 1 638.2720272819814 570 613
4387.681532510893 3904.681532510893 12797055.0 1 635.4763030328625 570 664
4400.013525491599 3891.1135254915994 12797070.0 1 625.7434075120414 560 693
4399.480985749643 3856.9809857496434 12797085.0 1 623.5876112797602 560 719
4388.300000000013 3810.100000000013 12797100.0 1 623.2752116267515 560 721
4357.519014250458 3753.419014250458 12797115.0 1 624.0847343760801 560 761
4321.986474508467 3696.886474508467 12797130.0 1 634.3093955168297 570 782
4283.918467489111 3642.718467489111 12797145.0 1 635.248117414503 570 812
4255.973415225557 3608.473415225557 12797160.0 1 635.9122829493316 570 825
4246.539339828175 3586.4393398281754 12797175.0 1 638.9558909099615 570 827
4247.136474508401 3582.8364745084014 12797190.0 1 632.0840859808286 570 833
4263.934651697547 3578.6346516975473 12797205.0 1 627.9702565586604 570 837
4302.3816778783785 3589.081677878378 12797220.0 1 627.3640571149059 570 840
4356.0365097863 3609.1365097862995 12797235.0 1 635.5768802874832 570 837
4424.099999999999 3644.2999999999997 12797250.0 1 633.780634709024 570 819
4493.236509786322 3679.8365097863216 12797265.0 1 637.8941832279074 570 690
