287
1351.2006303379871 3709.5006303379873 16956220.5 0 866.3071854184435 460 241
1387.3470413636126 3718.3470413636123 16956235.5 1 870.6744177510337 460 374
1355.2998149487244 3786.3998149487243 16956250.5 1 871.4630575440555 460 394
1355.1256484451396 3798.825648445139 16956265.5 1 880.1517513051915 470 440
1354.6625078781274 3773.862507878127 16956280.5 1 883.2859294035948 460 586
1362.4113518478707 3721.4113518478707 16956295.5 1 889.113627002346 460 687
1367.3113518478708 3626.2113518478704 16956295.5 1 893.529564283595 470 722
1366.6141238727275 3501.6141238727278 16956310.5 1 898.9127586666399 470 763
1366.0228105534168 3361.022810553417 16956325.5 1 888.5809337474021 470 784
1362.1663104778468 3247.9663104778465 16956340.5 1 895.7389267493237 480 793
1362.122336010761 3154.122336010761 16956355.5 1 890.4562238445451 480 800
1370.1004730123136 3074.6004730123136 16956370.5 1 880.2539320237232 480 805
1381.1400912452264 3007.2400912452263 16956385.5 1 884.8972342895307 480 784
1392.323560975917 2947.723560975917 16956400.5 1 885.0178619593739 480 749
1405.6018947212908 2902.201894721291 16956415.5 1 882.63553155437 480 670
1420.1272245760365 2875.4272245760367 16956430.5 1 876.9418381577252 490 532
1428.7850354865905 2861.6850354865906 16956445.5 1 882.0391496377954 490 371
1290.705814220629 3572.005814220629 16956702.0 0 860.7886434871443 480 212
1320.8364378763615 3598.6364378763615 16956717.0 1 870.7206063824773 480 324
1325.9335081117722 3612.8335081117725 16956732.0 1 867.004715910309 480 348
1333.4066570531056 3629.4066570531054 16956747.0 1 865.9519365088335 480 418
1353.8053352711042 3629.505335271104 16956762.0 1 877.4106644172759 480 514
1381.5080322019699 3609.6080322019698 16956777.0 1 887.7984766675211 480 594
1422.0269651693036 3582.2269651693036 16956792.0 1 870.5259473719673 480 647
1469.6272148620856 3526.9272148620853 16956807.0 1 881.0155856700682 480 699
1522.0561359845676 3444.256135984567 16956822.0 1 878.9079878450198 470 737
1561.6766319384726 3343.1766319384724 16956837.0 1 883.5988611580781 470 762
1592.5970400926437 3258.5970400926435 16956852.0 1 865.8806192370387 480 794
1618.2911130405487 3191.1911130405483 16956867.0 1 877.7012649282036 480 811
1639.5037401924444 3134.703740192444 16956882.0 1 876.9299167210522 480 832
1655.6411624700115 3096.2411624700117 16956897.0 1 877.905773324591 490 836
1667.5478131710624 3075.9478131710625 16956912.0 1 871.9013179285366 490 869
1671.8748333955436 3067.6748333955434 16956927.0 1 880.7393484507962 490 894
1675.7471252583184 3067.347125258318 16956942.0 1 869.5642656444834 490 923
1679.936124857068 3098.1361248570684 16956957.0 1 870.3701642678628 500 921
1700.5442301358387 3149.5442301358385 16956972.0 1 868.0680283432587 500 917
1723.5042781639943 3233.404278163994 16956987.0 1 871.3310387653714 500 899
1750.7941857793478 3346.7941857793476 16957002.0 1 872.1916419380757 500 903
1793.4635621236182 3479.7635621236186 16957017.0 1 870.7514684235801 490 908
1845.7664918882151 3609.066491888215 16957032.0 1 855.8220712721073 490 903
1905.493342946892 3691.193342946892 16957047.0 1 856.9662005512384 500 900
1936.1946647288398 3742.1946647288396 16957062.0 1 870.9857331345925 500 893
1947.6919677979163 3745.991967797916 16957077.0 1 870.538118169923 500 879
1954.7730348307184 3745.373034830718 16957092.0 1 862.1142867987876 500 878
1965.2727851379368 3717.3727851379367 16957107.0 1 877.1379651685511 500 885
1974.44386401545 3672.64386401545 16957122.0 1 870.3285550257415 500 897
1982.4233680615364 3595.2233680615363 16957137.0 1 876.4301139023531 490 900
1990.7029599073546 3489.402959907354 16957152.0 1 874.8456465665286 490 926
2002.1088869595283 3365.0088869595284 16957167.0 1 887.5166053245703 500 943
2020.7962598075358 3237.396259807536 16957182.0 1 888.6942778086959 490 967
2038.9588375299654 3109.258837529965 16957197.0 1 893.0779864752818 490 991
2056.452186828916 2984.652186828916 16957212.0 1 898.6314186436725 490 984
2072.4251666044406 2890.725166604441 16957227.0 1 891.414045210398 490 990
2088.1528747416755 2816.1528747416755 16957242.0 1 890.2028836804008 490 991
2102.863875142899 2764.3638751428985 16957257.0 1 901.2506428747485 500 990
2113.055769864176 2726.255769864176 16957272.0 1 891.8862922343524 500 994
2120.1957218360267 2697.6957218360267 16957287.0 1 893.5686200912028 500 950
2125.105814220675 2683.005814220675 16957302.0 1 904.8504574763306 500 853
2124.436437876401 2678.8364378764013 16957317.0 1 892.4440790505836 510 763
2123.933508111797 2681.833508111797 16957332.0 1 896.4218453421014 510 423
2435.936124857096 3285.036124857096 16957557.0 0 867.5629929704872 500 469
2495.0442301358094 3231.4442301358094 16957572.0 1 874.6767627060784 500 603
2488.6042781639517 3181.6042781639517 16957587.0 1 869.9536033635807 500 703
2450.0941857791277 3141.6941857791276 16957602.0 1 890.7970676774828 490 803
2422.0635621235783 3009.3635621235785 16957617.0 1 881.3862252291907 490 897
2400.166491888284 2914.666491888284 16957632.0 1 882.2718690495209 490 941
2395.4933429469042 2844.893342946904 16957647.0 1 876.1801516735576 490 988
2419.1946647288564 2810.4946647288566 16957662.0 1 877.200492691119 490 988
2460.7919677980817 2793.2919677980817 16957677.0 1 896.774766295507 500 1023
2512.673034830763 2788.473034830763 16957692.0 1 884.1087824199631 500 1023
2565.172785137982 2815.772785137982 16957707.0 1 892.618002209352 500 1023
2620.543864015351 2869.043864015351 16957722.0 1 891.1966823068564 500 1023
2649.523368061485 2940.023368061485 16957737.0 1 886.0544910105768 500 1023
2661.3029599073516 2996.6029599073518 16957752.0 1 893.3649933264784 500 981
2631.408886959505 3054.908886959505 16957767.0 1 876.4621695682933 510 947
2577.9962598074967 3114.196259807497 16957782.0 1 881.5734289776486 510 894
2508.6588375299193 3161.0588375299194 16957797.0 1 887.4991297819777 510 839
2448.4521868290353 3180.6521868290356 16957812.0 1 876.9171131507678 510 762
2404.2251666044103 3181.2251666044103 16957827.0 1 876.3152635555526 510 643
2370.9528747417075 3164.7528747417073 16957842.0 1 884.6015793928473 510 447
2926.553711042066 3219.853711042066 16958068.5 0 879.4860343248337 490 483
2972.9431880027246 3139.5431880027245 16958083.5 1 880.9941303112585 490 616
2958.2706596760395 3111.5706596760397 16958098.5 1 893.443970393335 490 736
2919.782728462126 3041.5827284621264 16958113.5 1 893.2978591780209 490 857
2903.829354389055 2944.429354389055 16958128.5 1 886.1768497673322 490 929
2911.9311657841 2888.1311657841 16958143.5 1 897.9308110497128 490 986
2936.4531638722997 2853.8531638723 16958158.5 1 917.4568006673188 490 1020
2982.9905533575743 2835.290553357574 16958173.5 1 901.7402310543658 500 1023
3044.4697877343315 2835.869787734331 16958188.5 1 906.1689766067027 500 1023
3116.5646014665745 2870.164601466575 16958203.5 1 898.6590277652045 500 1023
3184.4235342268935 2920.5235342268934 16958218.5 1 888.1232911153281 500 1023
3230.4029472715647 2985.4029472715647 16958233.5 1 890.8255985864025 510 1023
3260.6983348124477 3049.2983348124476 16958248.5 1 894.3133171786125 510 1018
3242.3671049149375 3110.767104914937 16958263.5 1 906.7826862972368 510 971
3197.837863984522 3170.537863984522 16958278.5 1 894.4076884168136 510 921
3136.3041809431193 3225.204180943119 16958293.5 1 910.2934906199035 510 885
3082.404190425195 3251.104190425195 16958308.5 1 907.8678112810555 510 833
3030.690481229762 3258.190481229762 16958323.5 1 910.1355824549222 510 750
2992.496833953728 3243.0968339537285 16958338.5 1 899.2020357250942 510 643
2963.0090585668186 3217.1090585668185 16958353.5 1 902.1851972270644 510 430
3389.629354388974 3319.629354388974 16958728.5 0 922.5665301551956 500 251
3429.231165784074 3310.231165784074 16958743.5 1 928.9745225521124 500 422
3429.253163872288 3310.253163872288 16958758.5 1 926.8427101542958 500 505
3438.6905533575427 3292.390553357543 16958773.5 1 929.5433287583858 510 627
3451.869787734288 3263.569787734288 16958788.5 1 918.8313251475017 510 730
3462.3646014667024 3221.5646014667022 16958803.5 1 924.0051062951295 510 832
3472.823534227001 3164.823534227001 16958818.5 1 929.540404112484 510 882
3481.702947271628 3097.4029472716284 16958833.5 1 938.0068677267551 510 900
3489.6 3011.5 16958850.0 1 922.3134551377931 520 951
3489.436509786297 2947.6365097862968 16958865.0 1 926.7310869223146 520 961
3495.281677878373 2898.8816778783735 16958880.0 1 928.0728090592256 520 971
3500.934651697542 2870.934651697542 16958895.0 1 931.0414845443494 530 976
3500.236474508479 2859.736474508479 16958910.0 1 932.1878095260034 530 981
3499.639339828295 2859.139339828295 16958925.0 1 928.477639553494 530 993
3506.9734152256087 2867.173415225609 16958940.0 1 929.5404880252496 530 977
3516.0184674891257 2921.0184674891257 16958955.0 1 940.5818271346818 540 939
3537.2864745084707 3006.6864745084704 16958970.0 1 948.357307794337 540 897
3564.4190142503853 3114.3190142503854 16958985.0 1 934.7213452137426 540 897
3604.2999999999315 3187.0999999999317 16959000.0 1 941.1868827795865 540 914
3644.1809857494927 3237.480985749493 16959015.0 1 929.8610657241003 550 941
3677.6135254915516 3254.813525491552 16959030.0 1 925.2552741898019 550 940
3707.28153251088 3247.38153251088 16959045.0 1 948.4666201145593 550 995
3735.9265847744323 3224.2265847744325 16959060.0 1 956.4199039152115 550 1008
3763.560660171801 3176.960660171801 16959075.0 1 947.636355823663 550 1023
3779.76352549165 3115.46352549165 16959090.0 1 950.8190503862767 550 1023
3788.1653483024197 3044.06534830242 16959105.0 1 943.1917565927822 550 1023
3800.8183221215954 2980.4183221215953 16959120.0 1 940.7451699910158 550 1014
3812.9634902137645 2926.0634902137645 16959135.0 1 953.5495653101125 550 924
3824.7 2878.2999999999997 16959150.0 1 949.6804721455605 550 721
3833.2634902136924 2846.2634902136924 16959165.0 1 942.9871569043497 550 1
4280.496833953795 3591.6968339537952 16959961.5 0 922.4087946064503 460 187
4280.890481229773 3592.090481229773 16959976.5 1 922.7175444453918 460 291
4245.104190425041 3681.604190425041 16959991.5 1 924.8224434898631 460 409
4238.1041809429635 3726.404180942963 16960006.5 1 921.6838235224553 460 488
4232.437863984398 3743.137863984398 16960021.5 1 926.3278603837836 460 592
4232.867104914943 3769.467104914944 16960036.5 1 938.0714012696104 450 646
4229.498334812439 3778.6983348124386 16960051.5 1 928.8113050108145 450 639
4229.3029472716435 3778.5029472716437 16960066.5 1 932.6870985218458 450 656
4235.823534227026 3741.6235342270265 16960081.5 1 936.8165954254033 450 705
4244.2646014667325 3661.8646014667333 16960096.5 1 938.2349319936773 460 758
4252.66978773448 3552.6697877344805 16960111.5 1 949.0104995675484 460 785
4261.190553357565 3416.990553357564 16960126.5 1 941.7661500797533 460 818
4273.453163872296 3298.3531638722957 16960141.5 1 942.5765534439616 460 867
4286.0311657840675 3190.531165784068 16960156.5 1 943.5202143493136 460 870
4294.729354388955 3101.9293543889553 16960171.5 1 930.76167097657 460 881
4300.882728461981 3026.882728461981 16960186.5 1 940.3889997569438 460 887
4307.170659676054 2961.070659676055 16960201.5 1 934.9376027689639 460 884
4312.743188002586 2907.843188002586 16960216.5 1 942.1834507685035 460 864
4318.153711042074 2864.9537110420747 16960231.5 1 925.5135904301752 470 788
4324.69094143318 2829.4909414331805 16960246.5 1 937.5909729059588 470 673
4333.003166046274 2805.6031660462745 16960261.5 1 935.6005147515438 470 489
4854.104190424997 3436.604190424997 16960591.5 0 963.0583033989078 430 513
4911.504180943089 3334.4041809430887 16960606.5 1 956.1202242053977 440 616
4902.337863984498 3300.737863984498 16960621.5 1 955.8078066555353 440 685
4893.667104914924 3224.1671049149245 16960636.5 1 967.8103591996836 440 763
4884.69833481244 3159.8983348124407 16960651.5 1 953.0065501436671 450 832
4874.702947271667 3103.0029472716665 16960666.5 1 961.3118324115911 450 846
4874.223534227065 3054.2235342270646 16960681.5 1 947.5163903520274 460 857
4873.564601466779 3015.064601466779 16960696.5 1 962.153788466061 470 863
4881.26978773436 2982.1697877343604 16960711.5 1 956.3692551290288 470 848
4889.090553357477 2960.5905533574773 16960726.5 1 951.6943020212148 480 808
4893.653163872308 2947.653163872308 16960741.5 1 953.14083113022 490 725
4893.631165784058 2940.6311657840583 16960756.5 1 948.2651478043788 500 613
4893.929354388926 2940.929354388926 16960771.5 1 949.089695555038 500 228
4779.308032202054 3571.108032202055 16960923.0 0 931.3750910888641 500 566
4828.605335271211 3593.80533527121 16960938.0 1 926.3791901480121 500 687
4836.906657053095 3659.5066570530944 16960953.0 1 940.0065860923222 490 739
4837.133508111711 3670.9335081117115 16960968.0 1 938.4660173466043 490 794
4837.636437876414 3671.4364378764144 16960983.0 1 932.3190545378955 490 829
4838.30581422069 3672.1058142206903 16960998.0 1 950.3717555765799 480 822
4838.99572183588 3668.59572183588 16961013.0 1 947.380343089667 480 821
4839.555769864074 3669.1557698640736 16961028.0 1 939.4239649055036 470 818
4846.163875142902 3664.563875142902 16961043.0 1 963.3811866323475 470 796
4854.552874741671 3651.252874741672 16961058.0 1 951.5391897523436 470 700
4864.0251666044305 3630.6251666044304 16961073.0 1 961.625197137814 460 565
4874.652186829064 3606.952186829064 16961088.0 1 967.3106951625781 460 280
5553.197040092645 3301.9970400926445 16961448.0 0 977.0251886686679 480 78
5607.676631938535 3295.5766319385357 16961463.0 1 981.9811953825655 480 446
5618.45613598469 3318.9561359846907 16961478.0 1 977.422478884454 480 544
5621.327214862241 3344.927214862241 16961493.0 1 983.6254709777899 480 619
5620.626965169289 3375.026965169289 16961508.0 1 991.5262171485217 480 663
5601.108032201958 3408.7080322019583 16961523.0 1 986.5210360672132 480 703
5569.205335271163 3430.7053352711628 16961538.0 1 983.4449603125785 480 728
5528.506657053091 3430.6066570530907 16961553.0 1 987.7219721504123 480 758
5474.133508111687 3421.033508111687 16961568.0 1 980.0293855838468 480 788
5420.736437876224 3381.636437876224 16961583.0 1 996.7029542967589 480 818
5387.1058142208185 3329.1058142208185 16961598.0 1 991.4731487926092 490 851
5365.395721835997 3268.1957218359985 16961613.0 1 988.271779247017 490 873
5361.755769864156 3216.955769864156 16961628.0 1 983.0553323997749 490 897
5373.963875142892 3180.163875142892 16961643.0 1 995.8771123324144 490 896
5396.352874741727 3152.8528747417263 16961658.0 1 980.3305859194595 490 905
5431.725166604461 3142.7251666044613 16961673.0 1 981.4431823862785 490 914
5478.752186829107 3151.252186829107 16961688.0 1 971.7538905034874 500 908
5532.658837529995 3172.9588375299963 16961703.0 1 978.9210556553483 500 908
5576.796259807562 3208.696259807562 16961718.0 1 981.4616913971704 500 876
5608.508886959544 3246.008886959544 16961733.0 1 974.3754909422495 500 866
5632.102959907356 3284.3029599073566 16961748.0 1 976.4460047808702 500 855
5647.623368061455 3309.6233680614546 16961763.0 1 979.2764718661708 500 842
5656.443864015291 3316.3438640152913 16961778.0 1 984.0778954840356 510 831
5661.272785137906 3310.672785137907 16961793.0 1 985.6887281013528 510 845
5673.173034830688 3284.0730348306884 16961808.0 1 984.9545993282785 510 863
5687.091967798024 3232.191967798024 16961823.0 1 994.1865626585316 510 899
5703.594664728828 3163.9946647288284 16961838.0 1 993.3448880863648 510 946
5719.79334294691 3062.5933429469114 16961853.0 1 996.8420972778623 510 1014
5726.566491888325 2938.466491888325 16961868.0 1 995.8105912453699 510 1023
5726.063562123644 2800.0635621236447 16961883.0 1 1000.0146675328514 510 1023
5716.294185779204 2655.1941857792044 16961898.0 1 1013.0058026254515 510 1023
5698.804278164022 2542.5042781640227 16961913.0 1 1013.2551542565026 510 1023
5677.244230135858 2450.9442301358586 16961928.0 1 1020.6903089525448 530 1023
5639.136124857113 2376.4361248571126 16961943.0 1 1013.3373357997533 530 1023
5578.247125258267 2316.947125258267 16961958.0 1 1015.4677322023709 530 1023
5502.974833395638 2268.2748333956383 16961973.0 1 1015.5086579035848 530 1023
5419.547813171033 2247.8478131710335 16961988.0 1 1010.6035068498724 530 1023
5339.04116246998 2248.5411624699805 16962003.0 1 1009.2374675335784 530 1023
5259.903740192418 2268.8037401924184 16962018.0 1 1005.3202991723226 530 1023
5179.891113040443 2309.891113040444 16962033.0 1 1004.7633107621622 530 944
5110.097040092642 2354.8970400926414 16962048.0 1 997.8044591215083 530 858
5071.4766319385535 2401.6766319385542 16962063.0 1 990.8629349359973 530 702
5053.556135984591 2430.6561359845914 16962078.0 1 982.1590088324025 540 334
5993.227224576155 3886.927224576155 16962469.5 0 995.0470072340092 450 382
6030.501894721472 3919.3018947214728 16962484.5 1 1005.9592356509935 450 428
6042.423560975947 3918.623560975948 16962499.5 1 1004.616527568569 460 497
6055.740091245254 3861.240091245254 16962514.5 1 1006.2804418180034 460 614
6061.500473012227 3759.200473012227 16962529.5 1 990.3836385708331 470 708
6061.222336010766 3709.2223360107664 16962544.5 1 1007.6329406623722 470 796
6061.266310477787 3602.866310477786 16962559.5 1 1011.4626211531416 470 860
6061.622810553274 3459.7228105532736 16962574.5 1 998.5332784688894 480 905
6052.414123872533 3307.014123872533 16962589.5 1 1010.226738284023 480 938
6046.811351848012 3192.911351848013 16962604.5 1 997.0540749926843 480 962
6047.462507878102 3103.962507878102 16962619.5 1 1005.6884870027384 490 995
6047.925648445124 3036.525648445125 16962634.5 1 999.624525963067 490 1000
6048.09981494872 2993.9998149487215 16962649.5 1 997.738100262356 500 1011
6047.947041363703 2967.247041363703 16962664.5 1 985.5629192891087 500 1023
6047.500630338011 2961.900630338012 16962679.5 1 991.7375025536494 510 1023
6046.857893650336 2970.357893650337 16962694.5 1 994.0159228879277 510 1023
6046.158939512131 2988.5589395121315 16962709.5 1 985.3633298320124 520 1012
6053.956130805141 3060.756130805141 16962724.5 1 979.860933717355 520 980
6072.480871961792 3159.780871961792 16962739.5 1 980.8460809038077 520 933
6101.114964513426 3277.3149645134263 16962754.5 1 976.8435329017353 520 945
6146.872775423832 3370.6727754238314 16962769.5 1 984.9312173037243 530 941
6204.098105278661 3423.698105278661 16962784.5 1 991.7669679123335 530 947
6260.076439024028 3450.2764390240286 16962799.5 1 992.0145914988651 530 935
6302.759908754724 3441.859908754725 16962814.5 1 992.1080616364075 530 961
6335.499526987758 3402.4995269877586 16962829.5 1 989.7034193508895 530 991
6360.277663989229 3341.877663989229 16962844.5 1 992.6254111613226 530 997
6373.53368952222 3271.83368952222 16962859.5 1 1003.4514863993554 530 1009
6378.077189446621 3200.0771894466207 16962874.5 1 1007.9757329179681 530 1014
6384.4858761273235 3137.885876127323 16962889.5 1 1008.6213271653081 530 1017
6391.488648152183 3081.8886481521827 16962904.5 1 1016.532763652029 530 1005
6399.237492121916 3039.2374921219166 16962919.5 1 1013.72313216922 530 970
6404.374351554886 3008.6743515548856 16962934.5 1 1022.2990617321736 540 899
6409.1007401594525 2986.100740159453 16962951.0 1 1024.9822934284582 540 727
6409.285539979927 2986.2855399799278 16962966.0 1 1029.8446502013678 540 362
6577.114460020082 3425.714460020083 16963266.0 0 1006.6082627376209 480 627
6615.143125066859 3362.2431250668596 16963281.0 1 1011.3339317002991 480 750
6614.487999850506 3368.587999850506 16963296.0 1 1015.4676568398419 480 812
6652.991893119513 3400.791893119513 16963311.0 1 1016.9593544435185 480 906
6711.906547058824 3421.206547058824 16963326.0 1 1011.3583105068536 500 965
6802.559559471484 3450.259559471484 16963341.0 1 1014.8508603608403 500 993
6907.526569123896 3484.5265691238956 16963356.0 1 1019.6988967988119 500 1008
7022.61476748136 3512.1147674813606 16963371.0 1 1014.4246789630672 510 1020
7110.661331062642 3539.261331062642 16963386.0 1 1033.1952147187658 510 1018
7171.547116138718 3564.4471161387182 16963401.0 1 1031.6632566018955 520 982
7214.922630511187 3578.422630511187 16963416.0 1 1039.5629614466973 520 941
7237.140620861399 3585.9406208613987 16963431.0 1 1044.7268018336404 520 829
7242.28817205196 3586.188172051961 16963446.0 1 1046.1462729985878 520 675
7236.611321153481 3582.611321153481 16963461.0 1 1053.5432371236582 520 425
6881.6386689373785 3847.838668937378 16963686.0 0 1039.8080916203023 510 485
6897.052883861304 3814.252883861304 16963701.0 1 1048.3258424192022 510 551
6901.277369488833 3813.577369488833 16963716.0 1 1029.7187773333765 510 595
6906.359379138614 3841.0593791386136 16963731.0 1 1036.176936321615 510 719
6899.1118279480415 3787.611827948042 16963746.0 1 1023.9631825510737 510 818
6885.88867884651 3705.7886788465107 16963761.0 1 1023.7651225618354 510 887
6862.473179341192 3605.3731793411916 16963776.0 1 1024.0607647426366 510 941
6831.581513340993 3469.481513340993 16963791.0 1 1031.0214766986458 510 976
6795.88107197187 3339.2810719718705 16963806.0 1 1018.9036059114812 510 1018
6790.219360580423 3212.519360580424 16963821.0 1 1022.1049535751197 520 1023
6805.357240578643 3133.1572405786424 16963836.0 1 1014.0672090794241 520 1023
6834.199259840549 3070.299259840549 16963851.0 1 1010.2363340952863 510 1023
6876.014460020021 3019.0144600200215 16963866.0 1 1002.9778314286808 520 1023
6932.243125066753 2992.6431250667533 16963881.0 1 1017.1950869434667 520 1023
6997.387999850379 2987.7879998503786 16963896.0 1 1009.0166932205169 530 1023
7056.1918931197215 2998.291893119721 16963911.0 1 1015.9362790392152 530 1023
7106.006547058855 3024.3065470588554 16963926.0 1 1018.1083475914226 530 1023
7149.759559471497 3048.4595594714965 16963941.0 1 1002.9210965498623 530 1023
7177.026569123886 3069.4265691238866 16963956.0 1 1018.3643968159406 550 918
7197.614767481439 3084.4147674814394 16963971.0 1 1024.3525738483454 550 543
