247
2576.732895085024 3843.732895085024 17302363.5 0 876.4270462113179 440 3
2577.162136015405 3844.162136015405 17302378.5 1 876.77648934594 440 99
2577.7958190567892 3844.7958190567892 17302393.5 1 889.1764075405441 450 187
2578.4958095750517 3845.4958095750517 17302408.5 1 883.5258731666274 450 226
2579.109518770298 3846.109518770298 17302423.5 1 886.15702553076 450 269
2579.5031660462387 3846.5031660462387 17302438.5 1 894.8185147846367 460 301
2579.5909414331913 3846.5909414331913 17302453.5 1 892.824195362246 460 335
2579.3537110421303 3846.3537110421303 17302468.5 1 883.0283256126901 460 369
2578.843188002674 3845.843188002674 17302483.5 1 894.3531754979272 460 371
2578.1706596759814 3845.1706596759814 17302498.5 1 892.3340317602521 460 362
2577.4827284620733 3844.4827284620733 17302513.5 1 883.6432123384586 460 381
2593.729354389018 3818.0293543890184 17302528.5 1 889.3510545256346 460 392
2608.1311657840884 3763.1311657840884 17302543.5 1 883.7537851845186 460 420
2620.0531638723155 3688.2531638723153 17302558.5 1 884.0436686576567 460 444
2631.5905533574955 3601.0905533574955 17302573.5 1 890.9451077724445 460 478
2639.8697877343857 3495.969787734386 17302588.5 1 896.7479320354081 460 515
2640.5646014666327 3383.264601466633 17302603.5 1 891.7597494859568 460 545
2641.223534226942 3266.3235342269422 17302618.5 1 896.247303165076 460 575
2633.3029472716803 3161.10294727168 17302633.5 1 884.829363953443 460 589
2608.9983348124424 3047.898334812442 17302648.5 1 887.985944525386 460 616
2575.967104914985 2941.3671049149852 17302663.5 1 879.5750320852183 460 616
2535.6378639844766 2841.5378639844766 17302678.5 1 885.9904090132525 470 624
2498.604180943062 2747.8041809430624 17302693.5 1 864.2126729790675 470 625
2458.00419042497 2664.50419042497 17302708.5 1 875.8550202572984 470 624
2413.290481229719 2588.990481229719 17302723.5 1 882.7334379277625 470 616
2396.7968339537692 2546.5968339537694 17302738.5 1 870.8108055761733 470 574
2383.4090585668055 2519.2090585668057 17302753.5 1 866.3082371857244 470 414
2605.3365097862707 3741.4365097862706 17303265.0 0 859.2695731929721 410 108
2624.4816778784675 3731.881677878467 17303280.0 1 864.6550167865375 410 180
2620.334651697657 3745.234651697657 17303295.0 1 867.9071871222579 410 212
2626.636474508424 3750.8364745084236 17303310.0 1 857.7201032655599 420 307
2649.139339828254 3772.639339828254 17303325.0 1 861.0614505384905 420 371
2683.0734152255914 3805.1734152255913 17303340.0 1 851.2028903450642 420 422
2756.5184674891075 3841.518467489107 17303355.0 1 856.964684231313 430 466
2823.986474508402 3879.586474508402 17303370.0 1 870.6697860621084 430 501
2888.2190142502814 3919.3190142502813 17303385.0 1 863.835695206739 430 516
2970.7999999999897 3945.19999999999 17303400.0 1 857.9817626225987 440 527
3031.680985749545 3961.280985749545 17303415.0 1 860.3199563914369 440 530
3077.713525491586 3970.2135254915856 17303430.0 1 868.8142297113906 440 535
3115.781532510889 3970.481532510889 17303445.0 1 871.0990696990668 450 535
3142.3265847744683 3970.426584774468 17303460.0 1 870.9872105271406 450 532
3160.1606601718836 3970.0606601718832 17303475.0 1 875.91987379805 450 540
3170.063525491595 3965.9635254915947 17303490.0 1 877.6316154444582 450 537
3177.0653483023625 3960.3653483023627 17303505.0 1 863.351685013083 450 544
3181.3183221215486 3952.0183221215484 17303520.0 1 870.0201675461986 450 536
3186.463490213738 3942.463490213738 17303535.0 1 867.4735049023467 450 548
3191.8999999999996 3921.9999999999995 17303550.0 1 875.6064526250875 450 561
3192.0634902136394 3894.8634902136396 17303565.0 1 865.104492460643 450 569
3189.018322121655 3853.318322121655 17303580.0 1 873.176422118551 460 585
3189.6653483024925 3800.7653483024924 17303595.0 1 880.2346697526568 460 613
3190.363525491554 3740.563525491554 17303610.0 1 868.8938962150525 460 633
3195.1606601717294 3673.2606601717293 17303625.0 1 870.6010535287423 460 644
3203.226584774401 3604.326584774401 17303640.0 1 876.7120057988326 460 670
3214.481532510896 3523.881532510896 17303655.0 1 887.042141535496 460 685
3226.813525491611 3436.813525491611 17303670.0 1 885.2763187495567 460 716
3240.280985749583 3341.780985749583 17303685.0 1 875.9944077283576 460 740
3253.600000000033 3255.000000000033 17303700.0 1 885.4241300803076 460 765
3264.8190142504754 3175.219014250475 17303715.0 1 884.7258064529267 460 793
3275.4864745084274 3087.186474508427 17303730.0 1 872.6892254970941 470 811
3284.318467489114 2997.318467489114 17303745.0 1 887.9893263686537 470 817
3289.9734152255237 2917.573415225524 17303760.0 1 877.5939909717633 470 845
3290.3393398282233 2845.1393398282235 17303775.0 1 884.3357631598145 470 860
3295.136474508383 2774.3364745083827 17303790.0 1 876.9147441786266 470 864
3295.8346516976144 2702.9346516976143 17303805.0 1 886.0008422570488 470 888
3288.0816778784324 2639.8816778784326 17303820.0 1 882.254595427093 470 902
3278.036509786251 2582.936509786251 17303835.0 1 875.0416750961053 480 935
3269.1 2538.2999999999997 17303850.0 1 877.5977776030087 480 940
3260.5365097862914 2501.736509786291 17303865.0 1 882.376923816057 480 971
3251.681677878363 2471.181677878363 17303880.0 1 862.2627720737593 480 979
3241.93465169753 2446.03465169753 17303895.0 1 865.6967156342461 480 1012
3231.436474508467 2429.936474508467 17303910.0 1 860.1166149885278 480 1023
3221.0393398282868 2419.5393398282868 17303925.0 1 863.9592992007726 480 1023
3210.873415225605 2419.1734152256054 17303940.0 1 851.064951363692 490 1023
3200.3184674891277 2419.118467489128 17303955.0 1 860.8613804853836 490 1023
3176.0864745084777 2432.6864745084777 17303970.0 1 864.8674272008024 490 1023
3143.719014250396 2454.219014250396 17303985.0 1 857.7023842742105 490 1023
3104.499999999944 2484.299999999944 17304000.0 1 855.7506655401821 490 1023
3060.380985749504 2519.280985749504 17304015.0 1 854.7814264206331 490 1023
3011.9135254915586 2556.213525491559 17304030.0 1 851.6250097589963 490 968
2959.681532510882 2601.281532510882 17304045.0 1 856.2920314327532 490 853
2905.726584774429 2650.926584774429 17304060.0 1 852.0527108222144 490 688
2850.0606601717927 2699.5606601717927 17304075.0 1 851.760469435365 490 440
2713.282728462193 3347.4827284621933 17304586.5 0 858.5790937885204 420 382
2710.470659676113 3316.6706596761132 17304601.5 1 862.3791308201332 430 418
2711.1431880026366 3332.0431880026367 17304616.5 1 862.5843824186328 430 464
2711.6537110420104 3332.5537110420105 17304631.5 1 866.0303480232212 440 595
2748.2909414331675 3344.6909414331676 17304646.5 1 854.285923182019 440 661
2807.0031660462537 3365.6031660462536 17304661.5 1 850.8878071497788 450 707
2861.2095187702002 3403.7095187702002 17304676.5 1 864.0277892492282 450 737
2946.695809574924 3443.695809574924 17304691.5 1 876.8857171772048 450 763
3053.0958190570022 3485.6958190570026 17304706.5 1 883.3843566296339 460 763
3123.8621360155744 3508.8621360155744 17304721.5 1 868.5632761957083 460 763
3166.8328950851137 3521.0328950851135 17304736.5 1 880.896376252967 460 749
3191.9016651875545 3526.501665187555 17304751.5 1 884.8335743812858 450 721
3208.897052728373 3526.6970527283734 17304766.5 1 894.1237661758796 460 639
3214.2764657730027 3527.1764657730027 17304781.5 1 901.6581488803745 460 473
3211.4353985333014 3518.735398533301 17304796.5 1 896.9518916491958 460 101
2750.690481229782 3110.4904812297823 17304976.5 0 890.7147875438936 450 88
2724.704190425053 2978.804190425053 17304991.5 1 883.5042000977402 450 247
2699.504180942975 2963.404180942975 17305006.5 1 883.4176234432059 450 276
2686.837863984407 2940.237863984407 17305021.5 1 881.236470745355 450 334
2687.2671049148767 2911.967104914877 17305036.5 1 881.7958462275369 450 477
2696.4983348124383 2899.4983348124383 17305051.5 1 882.6664064009335 450 617
2725.7029472716376 2895.802947271638 17305066.5 1 884.7774347230904 450 708
2768.623534227016 2895.3235342270164 17305081.5 1 874.9694631608753 450 770
2835.864601466721 2919.1646014667213 17305096.5 1 879.1123890165421 450 827
2920.569787734469 2948.569787734469 17305111.5 1 881.9804168675336 450 860
3016.5905533575556 2983.6905533575555 17305126.5 1 877.3067953394471 460 896
3102.3531638722925 3020.4531638722924 17305141.5 1 885.014665021777 460 909
3173.73116578407 3053.33116578407 17305156.5 1 878.4492675079367 460 897
3234.9293543889626 3072.5293543889625 17305171.5 1 892.1414186785983 460 899
3266.9827284619923 3084.282728461992 17305186.5 1 885.0742797961916 460 899
3281.670659676067 3088.4706596760666 17305201.5 1 881.1805646533361 460 896
3282.3431880025964 3089.143188002596 17305216.5 1 877.0062313886568 460 909
3288.453711042081 3093.153711042081 17305231.5 1 888.1443775752806 460 903
3288.6909414331817 3093.3909414331815 17305246.5 1 886.6032254693529 460 855
3285.10316604627 3093.30316604627 17305261.5 1 889.5970070179482 460 759
3284.7095187702344 3092.909518770234 17305276.5 1 887.0077643154502 460 515
4392.843869194791 4152.743869194792 17306824.5 0 966.1274045219496 400 39
4421.219128038177 4164.319128038177 17306839.5 1 970.1280061045561 400 78
4393.985035486562 4164.385035486562 17306854.5 1 960.5244089627712 400 142
4397.227224576121 4169.727224576121 17306869.5 1 961.5577061933049 400 170
4400.901894721421 4173.401894721421 17306884.5 1 974.9885041601098 400 213
4404.4235609760635 4172.723560976064 17306899.5 1 967.7117573860749 400 235
4407.940091245358 4176.240091245359 17306914.5 1 969.4824845530798 400 241
4413.000473012297 4175.700473012297 17306929.5 1 974.0210879659973 400 280
4422.522336010757 4160.722336010756 17306944.5 1 967.8071082584962 400 327
4433.766310477803 4139.066310477803 17306959.5 1 976.4574817843031 410 367
4444.622810553315 4091.822810553314 17306974.5 1 968.0836202415106 410 423
4457.114123872588 4042.714123872588 17306989.5 1 971.62278312082 410 453
4464.811351847898 3988.8113518478976 17307004.5 1 963.9453842965564 410 475
4465.462507878006 3933.462507878007 17307019.5 1 971.779390475163 410 498
4470.1256484451515 3876.5256484451525 17307034.5 1 958.6563344239701 410 499
4470.299814948721 3822.0998149487223 17307049.5 1 956.1432049703933 420 502
4473.647041363677 3772.247041363677 17307064.5 1 960.5294620309523 420 504
4473.200630337965 3724.900630337965 17307079.5 1 966.3813614315014 420 505
4476.7578936504515 3685.757893650451 17307094.5 1 967.9689270822009 430 501
4476.058939512242 3654.2589395122423 17307109.5 1 954.310312018898 430 492
4475.456130805099 3627.756130805099 17307124.5 1 951.12598402258 430 477
4475.0808719617735 3602.1808719617734 17307139.5 1 941.9598361198301 440 356
4111.943125066811 3907.5431250668116 17307681.0 0 938.6891870092787 410 107
4125.987999850448 3886.587999850448 17307696.0 1 941.0695825085336 410 193
4125.291893119624 3885.8918931196226 17307711.0 1 950.2650548179599 410 206
4124.706547058904 3865.006547058904 17307726.0 1 943.3853109441197 420 302
4134.859559471468 3831.0595594714673 17307741.0 1 949.3666224219642 420 394
4146.726569123906 3786.926569123906 17307756.0 1 934.640512433202 430 453
4161.714767481396 3741.7147674813964 17307771.0 1 949.5895556491785 430 499
4173.461331062695 3703.761331062695 17307786.0 1 946.6647766740266 430 527
4183.247116138602 3670.147116138602 17307801.0 1 942.6600558473065 430 541
4188.822630511085 3641.4226305110847 17307816.0 1 938.7317705551187 440 548
4193.540620861334 3612.540620861333 17307831.0 1 949.1820694226847 440 541
4197.288172051968 3587.5881720519683 17307846.0 1 946.1653158813679 440 535
4202.111321153402 3565.811321153402 17307861.0 1 934.530146257146 440 512
4209.426820658876 3551.426820658876 17307876.0 1 948.498128816267 440 440
4829.952883861421 4041.0528838614205 17308101.0 0 961.9845356476706 420 142
4888.077369488781 4017.277369488782 17308116.0 1 973.34053798774 430 158
4887.559379138581 4009.059379138581 17308131.0 1 967.4676641722249 430 213
4892.911827948034 3984.311827948034 17308146.0 1 972.9786761355873 430 287
4887.38867884653 3959.1886788465304 17308161.0 1 965.2819301284429 430 356
4876.573179341106 3929.4731793411065 17308176.0 1 981.9025053150245 430 389
4856.181513340881 3896.481513340881 17308191.0 1 974.3254782086323 440 394
4823.281071971756 3855.181071971756 17308206.0 1 992.7301560901074 440 399
4782.619360580469 3813.1193605804697 17308221.0 1 988.2935739072741 440 397
4745.257240578667 3770.157240578667 17308236.0 1 970.5760835960417 450 399
4708.999259840547 3730.399259840547 17308251.0 1 979.8499249816314 450 394
4675.214460020077 3693.814460020077 17308266.0 1 979.861591727092 450 392
4641.84312506685 3654.1431250668497 17308281.0 1 982.4538531023484 460 386
4607.587999850494 3614.287999850494 17308296.0 1 973.8884432982629 460 284
3852.682311356387 3175.082311356387 17308597.5 0 923.4971159581833 440 175
3849.8740251484705 3135.1740251484707 17308612.5 1 911.2005556403363 440 219
3850.440608948305 3139.240608948305 17308627.5 1 913.230703820417 440 274
3854.2585548805887 3139.558554880589 17308642.5 1 899.8100467450032 430 399
3882.258554880578 3139.558554880578 17308657.5 1 907.2703357862916 430 478
3924.6406089483885 3151.140608948389 17308672.5 1 899.0827454424033 430 562
3997.574025148589 3166.6740251485894 17308687.5 1 900.7897226675568 440 606
4094.8823113565154 3194.6823113565156 17308702.5 1 907.4795544188515 440 649
4209.016252153071 3234.6162521530705 17308717.5 1 913.1338960508666 440 688
4342.921039753499 3283.1210397534987 17308732.5 1 904.6133626150967 450 697
4485.504623999396 3336.104623999396 17308747.5 1 909.157111056574 450 705
4633.31418070123 3391.5141807012296 17308762.5 1 911.4649643407491 450 710
4754.125827927451 3449.3258279274514 17308777.5 1 913.3829852867266 450 710
4843.649831954088 3485.649831954088 17308792.5 1 909.4406055043623 460 711
4912.250168045764 3507.350168045765 17308807.5 1 924.139351844284 460 711
4945.074172072433 3518.474172072433 17308822.5 1 928.6867050320465 460 708
4964.385819298778 3525.1858192987784 17308837.5 1 939.6499552081256 460 708
4973.595376000601 3530.195376000602 17308852.5 1 961.8357290910282 460 702
4978.97896024658 3529.9789602465803 17308867.5 1 951.8101011938479 460 687
4978.483747847058 3535.083747847058 17308882.5 1 963.7196994431833 460 575
4977.817688643636 3534.4176886436358 17308897.5 1 973.6878621966832 460 407
4537.316252152921 3401.9162521529215 17309182.5 0 954.2386564460691 480 78
4547.082311356341 3372.482311356341 17309197.5 1 949.9691688042947 480 144
4512.0740251485895 3342.374025148589 17309212.5 1 948.0568650534983 480 250
4483.240608948388 3295.3406089483888 17309227.5 1 948.7041692709689 480 371
4459.0585548805775 3241.058554880578 17309242.5 1 937.7665875522454 480 466
4421.258554880588 3167.558554880589 17309257.5 1 929.8949711302364 480 536
4376.840608948419 3081.840608948419 17309272.5 1 938.2041540668376 480 600
4327.974025148632 2987.474025148632 17309287.5 1 948.3490235092802 480 646
4290.882311356388 2898.5823113563874 17309302.5 1 944.2175898775863 480 684
4255.9162521529615 2820.9162521529615 17309317.5 1 934.883425533824 470 707
4227.421039753432 2749.721039753432 17309332.5 1 928.445216717427 470 721
4204.104623999399 2683.7046239993992 17309347.5 1 917.316491892922 470 722
4184.614180701213 2627.8141807012125 17309362.5 1 935.2265583475854 470 722
4173.125827927416 2579.2258279274165 17309377.5 1 933.1976951885423 470 722
4166.749831954212 2546.2498319542124 17309392.5 1 930.959887250077 480 716
4167.5184866589725 2523.9184866589726 17309409.0 1 920.7899491904055 480 696
4168.126820658782 2524.5268206587825 17309424.0 1 937.6678332080814 480 646
4168.511321153417 2505.311321153418 17309439.0 1 929.3707240035361 490 532
4168.588172051962 2510.9881720519625 17309454.0 1 920.0969350832011 490 210
4623.48867884653 3226.2886788465307 17309739.0 0 929.7600757477609 450 113
4633.911827948034 3175.1118279480343 17309754.0 1 941.8158463620697 440 170
4624.35937913858 3138.259379138581 17309769.0 1 934.7268769197141 440 259
4612.977369488782 3096.777369488782 17309784.0 1 933.040240677824 440 373
4601.752883861245 3021.8528838612456 17309799.0 1 932.3743700665323 450 442
4589.138668937325 2945.538668937325 17309814.0 1 940.7118930704618 450 504
4577.785232518617 2867.6852325186173 17309829.0 1 931.05944318727 450 545
4570.3404405285255 2797.2404405285256 17309859.0 1 925.1139071819573 450 584
4569.993452941199 2731.0934529412 17309874.0 1 929.6073374005377 450 625
4569.408106880355 2670.3081068803554 17309889.0 1 931.3768836525733 460 649
4576.412000149701 2619.912000149702 17309904.0 1 928.9569735388925 460 669
4584.856874933169 2577.2568749331695 17309919.0 1 923.8210821462369 470 694
4596.985539979933 2545.9855399799335 17309934.0 1 926.9873415045633 480 721
4614.300740159452 2519.900740159453 17309949.0 1 917.7964231425866 480 763
4636.142759421323 2497.642759421323 17309964.0 1 917.9598545399758 490 794
4671.5806394195115 2482.6806394195114 17309979.0 1 924.0856780784025 490 814
4714.918928028049 2477.718928028049 17309994.0 1 903.7340670982912 490 834
4777.218486658928 2478.4184866589285 17310009.0 1 916.6511471065887 490 864
4846.426820658876 2493.0268206588757 17310024.0 1 922.8157851862173 500 872
4920.311321153402 2514.4113211534022 17310039.0 1 916.115040320842 510 888
4995.988172051968 2541.0881720519683 17310054.0 1 910.4855528128342 510 896
5069.240620861432 2560.440620861432 17310069.0 1 924.0186016554549 510 900
5124.722630511238 2575.3226305112385 17310084.0 1 918.9183239149319 520 905
5168.147116138776 2583.0471161387773 17310099.0 1 918.0890839797322 520 900
5194.761331062696 2589.3613310626956 17310114.0 1 929.2653545939063 520 923
5215.214767481397 2595.1147674813965 17310129.0 1 922.7477984437799 520 944
5231.726569123906 2604.6265691239064 17310144.0 1 922.837778544443 520 988
5243.659559471467 2616.5595594714678 17310159.0 1 929.1742984366489 520 997
5256.606547058784 2635.106547058784 17310174.0 1 930.2287687012349 530 1023
5271.191893119459 2658.791893119458 17310189.0 1 936.5190369359044 530 1023
5286.587999850448 2686.787999850448 17310204.0 1 936.0781657735965 530 1023
5301.243125066811 2720.3431250668114 17310219.0 1 956.2366526642909 520 1023
5315.7144600200545 2757.9144600200552 17310234.0 1 942.74710487748 520 1023
5322.899259840546 2798.699259840546 17310249.0 1 959.2477512838226 520 1023
5322.757240578761 2843.3572405787613 17310264.0 1 963.7801033954115 520 1023
5322.319360580506 2897.5193605805066 17310279.0 1 970.2883560962586 520 1023
5314.681071971801 2957.781071971802 17310294.0 1 979.2671340385297 520 987
5303.481513340926 3024.281513340926 17310309.0 1 978.28893120618 520 822
5288.873179341141 3092.9731793411406 17310324.0 1 971.4424367764611 520 78
