455
1068.7183221214295 4332.11832212143 40017180.0 0 786.8825828472421 500 286
1089.6653483023897 4301.965348302389 40017195.0 1 783.015338986819 500 371
1078.4635254912891 4306.163525491289 40017210.0 1 781.564118480641 500 433
1083.260660171656 4306.760660171656 40017225.0 1 781.6187058879885 500 512
1136.1265847744232 4340.026584774423 40017240.0 1 798.5720446117657 500 594
1220.1815325109394 4391.181532510939 40017255.0 1 788.3150096632955 500 670
1330.5135254916725 4456.713525491672 40017270.0 1 804.8303030881153 500 697
1480.480985749676 4531.780985749676 40017285.0 1 805.6905893929095 500 721
1656.8999999999623 4613.6999999999625 40017300.0 1 794.7930506927141 510 742
1841.719014250257 4680.919014250257 40017315.0 1 792.055242053592 510 746
1997.2864745084885 4733.586474508488 40017330.0 1 810.6116520706875 510 751
2134.218467489103 4776.718467489103 40017345.0 1 806.046707236843 510 757
2258.8734152254915 4797.773415225492 40017360.0 1 808.5302984563532 510 757
2339.7393398281497 4805.13933982815 40017375.0 1 802.4495513802528 510 750
2391.4364745084495 4805.73647450845 40017390.0 1 824.9889978282383 510 746
2419.434651697339 4796.634651697339 40017405.0 1 826.9598302085805 510 700
2430.5816778783483 4788.8816778783485 40017420.0 1 826.8769018408157 520 636
2431.036509786124 4780.936509786124 40017435.0 1 824.5279562693855 520 499
2402.5 4772.7 40017450.0 1 819.9040772174191 520 244
1646.331165784068 4818.731165784067 40017556.5 0 821.2266101936771 510 466
1598.3293543888462 4858.929354388845 40017571.5 1 828.483309694305 510 537
1565.9827284619814 4855.282728461981 40017586.5 1 811.2942249446135 510 625
1519.0706596757063 4868.570659675706 40017601.5 1 826.2327563092365 510 633
1530.2431880024349 4848.243188002435 40017616.5 1 834.8754052128378 500 669
1551.0537110421706 4804.6537110421705 40017631.5 1 825.5016446120568 500 716
1578.5909414331804 4734.19094143318 40017646.5 1 826.2186869779482 500 733
1607.9031660462126 4653.603166046212 40017661.5 1 827.5093601178216 500 727
1634.8095187703727 4566.409518770372 40017676.5 1 823.2870120971331 500 730
1658.6958095749806 4485.29580957498 40017691.5 1 832.1063724050736 500 697
1681.7958190568881 4414.595819056888 40017706.5 1 824.3780527941087 510 620
1701.4621360156198 4351.66213601562 40017721.5 1 821.4405369642208 510 480
1719.9328950850656 4300.132895085066 40017736.5 1 825.748653738863 510 148
2077.370645611059 5008.270645611058 40017871.5 0 803.7898454428758 510 730
2152.41727153788 4993.71727153788 40017886.5 1 820.5723927120583 510 797
2131.4293403241422 4993.029340324142 40017901.5 1 821.2882664452674 500 808
2085.2568119974335 4973.456811997434 40017916.5 1 816.6058568446613 500 817
2084.746288957938 4888.946288957938 40017931.5 1 813.9951479965023 500 818
2084.5090585668413 4763.409058566841 40017946.5 1 828.5929867173079 500 823
2078.2968339537174 4645.196833953717 40017961.5 1 828.1820194464196 500 826
2053.4904812294812 4522.39048122948 40017976.5 1 841.5157132581949 500 818
2020.5041904248287 4404.004190424828 40017991.5 1 841.7973946869309 500 787
1981.30418094326 4289.904180943259 40018006.5 1 839.93549387548 500 757
1948.3378639844982 4188.337863984498 40018021.5 1 839.4890962337204 500 664
1926.3671049149964 4094.2671049149963 40018036.5 1 830.3346070567837 510 495
1264.0537110421453 3265.3537110421453 40018231.5 0 747.8433211309408 550 538
1191.4909414331753 3141.6909414331753 40018246.5 1 742.2992948807424 550 611
1155.703166046229 3141.603166046229 40018261.5 1 720.1608474663229 550 633
1119.6095187704068 3174.109518770407 40018276.5 1 719.3055176942029 550 634
1146.9958095750249 3179.0958095750248 40018291.5 1 707.6526986480635 540 647
1221.895819056933 3221.095819056933 40018306.5 1 718.5228198133568 540 666
1327.6621360156557 3287.662136015656 40018321.5 1 709.3081590951964 540 700
1478.4328950850847 3392.2328950850847 40018336.5 1 701.1214039981503 550 710
1637.2016651875413 3495.7016651875415 40018351.5 1 705.7430914772982 550 721
1801.8970527282352 3600.197052728235 40018366.5 1 710.5419095215162 550 724
1943.0764657732075 3666.4764657732076 40018381.5 1 701.6103970235878 550 730
2048.0353985333713 3707.735398533371 40018396.5 1 708.1355221655767 560 758
2127.8302122657815 3719.6302122657817 40018411.5 1 702.9568016065998 560 777
2199.8094466423895 3704.1094466423892 40018426.5 1 716.7576414902122 550 794
2248.446836127686 3669.4468361276854 40018441.5 1 731.7624067401226 560 846
2280.6688342159105 3598.0688342159106 40018456.5 1 735.3421617939802 560 867
2285.9706456110875 3470.3706456110876 40018471.5 1 725.6904232666594 560 879
2261.6172715379225 3306.017271537922 40018486.5 1 725.3686603789174 560 896
2216.829340324188 3131.729340324188 40018501.5 1 743.2063906073173 560 905
2149.656811997473 2956.7568119974735 40018516.5 1 728.8204815772231 560 900
2080.546288957963 2781.946288957963 40018531.5 1 742.5955046843447 560 920
2010.3090585668463 2643.809058566846 40018546.5 1 729.6434151701227 570 936
1950.1968339538246 2529.0968339538244 40018561.5 1 735.8786537623841 570 947
1905.7904812297052 2466.4904812297054 40018576.5 1 733.2928931135502 570 933
1871.404190425121 2434.9041904251208 40018591.5 1 720.8013577800343 570 939
1851.104180942873 2424.404180942873 40018606.5 1 724.1143791571245 570 896
1831.4378639844622 2432.737863984462 40018621.5 1 714.0534696145007 580 866
1815.7671049149776 2487.767104914977 40018636.5 1 704.4592557771443 580 808
1802.5983348124512 2573.2983348124512 40018651.5 1 706.3361080068711 580 736
1810.8029472716892 2741.102947271689 40018666.5 1 693.1466635850792 580 656
1831.3235342272492 2952.7235342272493 40018681.5 1 681.4352408978035 590 567
1868.464601466825 3193.5646014668246 40018696.5 1 689.7154353339316 590 554
1902.0697877344032 3416.169787734403 40018711.5 1 686.5302827191326 590 561
1932.9905533577435 3571.6905533577433 40018726.5 1 675.6150446663416 590 578
1957.1531638723663 3682.6531638723663 40018741.5 1 687.287761681468 590 624
1977.4311657840492 3793.231165784049 40018756.5 1 693.5449167938154 580 679
1995.2293543890066 3855.8293543890063 40018771.5 1 694.7922592920695 580 742
2000.6827284622157 3887.1827284622154 40018786.5 1 713.9794148407605 580 756
2001.370659675963 3887.8706596759625 40018801.5 1 704.6101443229176 580 785
2002.0431880026579 3838.1431880026576 40018816.5 1 710.1916604630503 580 827
1981.5537110419282 3759.553711041928 40018831.5 1 715.641940319016 570 860
1936.99094143317 3595.9909414331696 40018846.5 1 713.1818519953051 570 896
1873.9031660462451 3388.003166046245 40018861.5 1 730.6635915374841 570 906
1781.109518770441 3150.3095187704407 40018876.5 1 733.8890198247749 560 933
1683.1958095750695 2915.8958095750695 40018891.5 1 755.7061997383348 560 949
1582.3958190573203 2708.6958190573205 40018906.5 1 756.6507012856116 560 964
1483.062136015692 2519.062136015692 40018921.5 1 752.982984960976 570 979
1385.3328950849598 2392.63289508496 40018936.5 1 755.3651071963379 570 980
1310.3016651875557 2289.6016651875557 40018951.5 1 763.5106695335527 570 979
1250.2970527283856 2202.9970527283854 40018966.5 1 747.6886124565633 570 953
1210.1764657728772 2167.076465772877 40018981.5 1 735.5165273033228 580 915
1187.7353985333255 2162.8353985333256 40018996.5 1 743.3015923144617 580 829
1176.5302122657386 2180.3302122657383 40019011.5 1 723.1553270325414 580 694
1167.3094466423584 2247.409446642358 40019026.5 1 730.6587056910646 580 567
1172.5468361276733 2342.9468361276736 40019041.5 1 730.4401754035517 580 443
1187.2688342159909 2457.7688342159904 40019056.5 1 715.8077656042922 590 337
1216.3706456111165 2551.9706456111167 40019071.5 1 704.8770210069708 590 163
1248.0172715379645 2635.417271537964 40019086.5 1 689.4525544230531 590 15
1278.1293403242344 2711.7293403242343 40019101.5 1 700.1999995809327 590 1
1306.0962598075616 2776.0962598075616 40019118.0 1 704.5166251662522 590 70
1320.308886959455 2826.7088869594554 40019133.0 1 708.1053561642035 590 228
1320.1029599073677 2868.5029599073678 40019148.0 1 705.0620356013372 590 399
1311.8233680614546 2889.623368061455 40019163.0 1 699.3537616269773 590 486
1292.6438640154263 2899.1438640154265 40019178.0 1 702.9750237885524 590 564
1265.2727851377365 2899.7727851377367 40019193.0 1 715.39655145368 590 627
1232.3730348306888 2880.873034830689 40019208.0 1 721.791203559456 580 691
1186.0919677977624 2842.291967797762 40019223.0 1 722.2021890941688 580 757
1133.2946647287642 2792.294664728764 40019238.0 1 710.2496372535479 580 824
1075.2933429469115 2736.393342946911 40019253.0 1 724.7942131517622 570 846
1036.5664918884188 2694.8664918884188 40019268.0 1 712.3398919813112 560 855
1019.9635621234945 2662.8635621234944 40019283.0 1 725.0579831630172 560 846
1019.2941857793785 2662.1941857793786 40019298.0 1 714.8187283368782 550 834
1033.3042781640224 2658.0042781640223 40019313.0 1 716.3367812453822 550 832
1086.644230135747 2657.444230135747 40019328.0 1 732.4350986954769 550 785
1164.7361248571128 2701.236124857113 40019343.0 1 724.0672942334315 540 751
1283.0471252583109 2776.147125258311 40019358.0 1 726.4786085046021 540 713
1452.0748333954077 2884.2748333954073 40019373.0 1 717.516739199094 540 664
1654.2478131708715 2990.5478131708714 40019388.0 1 725.6548817977832 540 641
1853.041162469981 3096.2411624699807 40019403.0 1 717.0242917720346 540 641
2028.003740192271 3166.903740192271 40019418.0 1 722.5698099054563 540 661
2185.991113040444 3220.591113040444 40019433.0 1 712.5413741107867 540 710
2337.3970400926196 3262.7970400926197 40019448.0 1 726.1837034525672 540 753
2462.5766319384848 3282.976631938485 40019463.0 1 717.288856918496 540 820
2570.656135984457 3274.8561359844566 40019478.0 1 714.45910163214 550 891
2648.4272148621153 3247.627214862115 40019493.0 1 727.8806194832329 550 977
2700.9269651691643 3187.4269651691643 40019508.0 1 718.6053055883375 550 1023
2736.008032202124 3110.508032202124 40019523.0 1 723.6206040052862 560 1023
2775.5053352711793 3021.9053352711794 40019538.0 1 724.2933250293604 560 1023
2815.3066570531028 2944.8066570531028 40019553.0 1 724.8102073960179 570 1023
2856.133508111662 2903.0335081116623 40019568.0 1 734.2410417283328 570 1023
2897.2364378763355 2884.636437876335 40019583.0 1 724.2234695507269 570 1023
2930.8058142204236 2885.3058142204236 40019598.0 1 720.769339840628 570 1003
2958.095721835796 2892.295721835796 40019613.0 1 732.0209238647825 570 902
2981.0557698641264 2907.5557698641264 40019628.0 1 734.3394056937015 570 650
3890.81936058046 4947.11936058046 40020621.0 0 823.7011825263359 460 327
3910.157240578588 4976.9572405785875 40020636.0 1 823.0530409333267 460 396
3902.5992598405533 5004.399259840553 40020651.0 1 825.7206239704327 460 407
3898.2144600200827 4997.9144600200825 40020666.0 1 828.1165870399511 460 469
3892.8431250670037 4932.343125067004 40020681.0 1 830.5890932894703 460 538
3885.187999850159 4826.68799985016 40020696.0 1 829.1091801181936 460 622
3875.391893119677 4676.891893119678 40020711.0 1 823.238895308456 460 691
3845.406547058824 4488.006547058823 40020726.0 1 825.9361743245527 460 725
3802.359559471435 4272.759559471435 40020741.0 1 829.0576073309375 460 760
3728.1265691238955 4022.1265691238955 40020756.0 1 814.30634153125 470 788
3628.3147674814677 3787.214767481468 40020771.0 1 822.4210514196205 470 805
3510.5613310624844 3563.7613310624843 40020786.0 1 816.8528834792083 480 831
3389.447116138544 3331.347116138544 40020801.0 1 809.004906970318 490 855
3257.822630511187 3164.022630511187 40020816.0 1 806.8643485286118 490 890
3118.340620861301 3039.940620861301 40020831.0 1 800.7798574605259 500 892
2999.588172051961 2926.788172051961 40020846.0 1 779.1390171769127 500 917
2884.71132115354 2881.21132115354 40020861.0 1 767.0100650994326 500 935
2812.9268206590455 2880.8268206590456 40020876.0 1 759.701759596672 510 935
2768.2184866588163 2926.4184866588166 40020891.0 1 751.4955725701345 510 930
2754.918928028106 3050.3189280281063 40020906.0 1 753.6979090164031 520 924
2785.7806394194195 3227.4806394194193 40020921.0 1 722.3758886837255 530 929
2846.942759421347 3444.7427594213473 40020936.0 1 719.8424992607132 520 938
2982.6007401594516 3658.1007401594516 40020951.0 1 715.1666450734693 520 947
3157.7855399799896 3869.6855399799892 40020966.0 1 712.9955250016536 530 933
3358.456874933121 4040.2568749331213 40020981.0 1 699.553751001872 520 941
3557.9120001496444 4205.412000149644 40020996.0 1 710.530482399641 520 953
3777.7081068801363 4367.108106880136 40021011.0 1 708.1484823884887 520 953
4011.3934529410403 4507.69345294104 40021026.0 1 700.4109966552338 520 958
4179.74044052851 4606.040440528509 40021041.0 1 710.1517281094987 510 961
4284.073430876141 4676.073430876141 40021056.0 1 729.8701342653852 520 959
4344.685232518439 4695.385232518439 40021071.0 1 729.2780358565647 520 959
4360.938668937378 4699.738668937378 40021086.0 1 729.8110743313966 510 974
4363.752883861303 4694.852883861304 40021101.0 1 733.9971792324986 520 985
4357.4773694889855 4694.177369488985 40021116.0 1 751.2865661158544 520 979
4347.859379138614 4690.159379138614 40021131.0 1 761.9489453629143 520 943
4316.11182794802 4675.91182794802 40021146.0 1 761.2553843856869 520 920
4269.988678846511 4653.588678846511 40021161.0 1 770.6147146933556 520 861
4217.873179341064 4626.6731793410645 40021176.0 1 783.0239140739321 520 791
4167.381513340658 4590.181513340657 40021191.0 1 783.3927741550748 520 619
4119.781071971699 4547.481071971699 40021206.0 1 803.8061921037149 520 325
3879.587999850205 4160.287999850205 40021296.0 0 805.6823727522564 520 396
3883.091893119721 4062.9918931197208 40021311.0 1 800.7260326108775 520 504
3872.0065470588556 4050.5065470588556 40021326.0 1 796.1982764181453 520 588
3866.7595594715453 4020.7595594715453 40021341.0 1 803.5965563902496 520 645
3861.8265691238867 3964.7265691238867 40021356.0 1 778.3606133522112 520 691
3858.6147674814397 3892.2147674814396 40021371.0 1 778.2798738909873 520 753
3847.261331062443 3782.161331062443 40021386.0 1 782.4571214806992 520 821
3829.747116138498 3642.147116138498 40021401.0 1 778.1332105041924 530 863
3805.9226305108405 3482.5226305108404 40021416.0 1 768.2224843537132 530 896
3777.7406208612747 3306.640620861275 40021431.0 1 764.1752290403875 530 945
3745.7881720519986 3145.8881720519985 40021446.0 1 759.601395974409 530 958
3715.6113211534375 2994.6113211534375 40021461.0 1 741.0071445304851 540 989
3690.0268206588244 2837.4268206588245 40021476.0 1 747.0460001830246 540 977
3667.0184866591962 2711.5184866591962 40021491.0 1 736.846047939252 550 978
3650.9189280281516 2607.218928028152 40021506.0 1 719.6708335498903 550 988
3636.980639419456 2546.380639419456 40021521.0 1 722.979397247991 550 993
3628.842759421367 2520.7427594213673 40021536.0 1 697.721261149833 560 997
3628.7007401594497 2520.6007401594497 40021551.0 1 689.0514675011268 560 1012
3628.885539979799 2520.785539979799 40021566.0 1 682.1500762657677 570 1012
3629.356874933083 2538.756874933083 40021581.0 1 682.1511059399264 570 1005
3620.212000149598 2562.5120001495984 40021596.0 1 657.1217978474638 570 997
3610.4081068800924 2639.508106880093 40021611.0 1 670.817367051174 570 993
3610.9934529410084 2756.2934529410086 40021626.0 1 653.7771857173336 570 988
3621.1404405284966 2898.7404405284965 40021641.0 1 638.2831560920428 570 984
3640.0734308760843 3074.4734308760844 40021656.0 1 635.9592497207531 570 997
3666.385232518467 3248.485232518467 40021671.0 1 637.6053936354778 570 991
3691.0386689374195 3417.3386689374197 40021686.0 1 642.3906410421108 570 992
3714.8528838613497 3551.75288386135 40021701.0 1 636.388695526191 570 989
3745.677369489026 3663.0773694890263 40021716.0 1 648.8413583888002 570 988
3781.5593791386395 3804.6593791386395 40021731.0 1 663.2864154167047 570 985
3825.4118279480253 3912.9118279480253 40021746.0 1 651.2275820264401 560 982
3867.488678846495 3998.388678846495 40021761.0 1 671.8937044778304 560 977
3907.7731793410308 4045.673179341031 40021776.0 1 674.0549749402668 560 968
3931.481513340613 4065.8815133406133 40021791.0 1 683.0213239177837 560 959
3954.5810719716537 4066.5810719716537 40021806.0 1 691.6976180685633 550 959
3976.2193605806633 4050.419360580663 40021821.0 1 694.5019909390212 550 968
4010.257240578697 4009.557240578697 40021836.0 1 702.6586539765647 550 980
4046.799259840545 3954.399259840545 40021851.0 1 719.7598982917473 550 982
4085.814460020127 3866.7144600201273 40021866.0 1 720.9425561282031 550 1009
4117.543125066792 3743.7431250667914 40021881.0 1 717.8768944561502 550 1023
4145.5879998502505 3596.787999850251 40021896.0 1 726.6810150282569 560 1023
4169.391893119764 3437.1918931197642 40021911.0 1 731.4384874592677 560 1023
4187.706547058888 3265.106547058887 40021926.0 1 725.8301507885385 560 1023
4202.059559471559 3085.5595594715587 40021941.0 1 734.2680299313199 570 1023
4209.026569123878 2888.126569123878 40021956.0 1 736.2963432947369 570 1023
4214.214767481411 2696.6147674814115 40021971.0 1 720.0809121142445 570 1023
4218.961331062401 2509.561331062401 40021986.0 1 722.9847604978282 580 1023
4225.947116138452 2342.9471161384517 40022001.0 1 700.8630379461871 590 1023
4226.622630511106 2199.422630511106 40022016.0 1 702.1991358198983 600 1023
4227.140620861445 2071.840620861445 40022031.0 1 700.2402565058068 600 1023
4227.388172051993 1964.2881720519931 40022046.0 1 693.5585248508845 610 1023
4216.111321153453 1893.5113211534533 40022061.0 1 677.498099288209 620 1023
4201.726820658859 1847.6268206588584 40022076.0 1 674.3615968620967 620 1023
4184.31848665924 1833.7184866592409 40022091.0 1 645.9414639461979 640 1023
4158.418928028197 1836.5189280281973 40022106.0 1 637.5640179928797 640 1023
4126.980639419492 1849.8806394194926 40022121.0 1 622.879559827753 640 1023
4071.242759421387 1907.5427594213868 40022136.0 1 608.5314192680053 650 1023
3998.300740159448 2018.0007401594485 40022151.0 1 599.3741096378943 650 1021
3914.4855399797766 2164.4855399797766 40022166.0 1 591.3774600087839 650 979
3837.256874933045 2378.4568749330447 40022181.0 1 577.8056071709897 650 976
3762.3120001498987 2592.612000149899 40022196.0 1 577.6864936693613 650 977
3704.2081068803777 2806.8081068803776 40022211.0 1 581.2839161144709 640 977
3655.7934529412164 2938.993452941216 40022226.0 1 574.4156158554808 640 976
3621.840440528483 3035.2404405284833 40022241.0 1 591.778345012405 640 974
3609.973430876093 3106.6734308760933 40022256.0 1 595.7797614755706 630 974
3609.685232518495 3158.1852325184955 40022271.0 1 594.0936661111034 630 985
3646.2386689374616 3218.5386689374614 40022286.0 1 615.7649526075636 630 997
3716.952883861396 3284.352883861396 40022301.0 1 630.0852661248081 610 988
3812.1773694890667 3356.477369489067 40022316.0 1 636.7411592432869 610 999
3911.0593791386655 3396.5593791386655 40022331.0 1 650.2393872297034 610 1002
3998.3118279480314 3415.2118279480314 40022346.0 1 649.5538040123122 600 1002
4078.1886788464794 3404.0886788464795 40022361.0 1 655.6063077861478 600 1015
4106.573179340997 3361.0731793409973 40022376.0 1 672.4589074485697 590 1023
4097.381513340905 3297.2815133409044 40022391.0 1 666.220486688216 580 1023
4063.0810719719516 3196.4810719719517 40022406.0 1 684.0172012414911 590 1023
3974.819360580627 3069.719360580627 40022421.0 1 693.8145217816599 580 1023
3883.5572405786775 2925.2572405786773 40022436.0 1 696.7637475153474 580 1023
3789.1992598405463 2812.6992598405463 40022451.0 1 705.0817994212822 580 1023
3732.3144600201495 2751.6144600201496 40022466.0 1 702.9035503210517 580 1023
3712.9431250668295 2725.243125066829 40022481.0 1 702.2769585214936 580 1023
3717.8879998502966 2729.4879998502965 40022496.0 1 702.1405848600497 580 1023
3727.691893119808 2732.991893119808 40022511.0 1 699.1889537404402 580 1023
3762.1065470589187 2735.906547058919 40022526.0 1 699.4616645337984 580 1023
3813.559559471571 2755.1595594715714 40022541.0 1 709.7461646659141 590 1023
3893.3265691238694 2800.6265691238696 40022556.0 1 706.9030982733095 590 1023
3991.614767481597 2863.914767481597 40022571.0 1 701.2868271363416 590 1023
4102.761331062675 2926.7613310626753 40022586.0 1 699.9067040836594 590 964
4184.647116138754 2971.547116138755 40022601.0 1 699.9546478301633 590 811
4249.722630511066 3003.7226305110657 40022616.0 1 685.4941975962804 600 504
4871.1521868288355 4297.852186828836 40024812.0 0 723.8483824739399 450 134
4908.1251666043845 4273.225166604384 40024827.0 1 728.6652005884301 460 208
4915.452874741611 4268.6528747416105 40024842.0 1 731.8310099928766 460 354
4923.863875142879 4278.463875142879 40024857.0 1 744.7910733342839 470 449
4951.55576986423 4236.15576986423 40024872.0 1 735.1814469366689 470 507
4987.395721835945 4167.695721835945 40024887.0 1 759.3850946602478 470 570
5029.405814220587 4081.605814220586 40024902.0 1 766.9781268836878 480 624
5074.236437876475 3984.336437876475 40024917.0 1 761.5218421264638 490 672
5115.73350811175 3857.133508111749 40024932.0 1 775.5489401156566 490 694
5133.006657053118 3710.606657053118 40024947.0 1 772.8670365973231 490 713
5133.10533527112 3530.10533527112 40024962.0 1 774.660805120824 500 725
5106.908032202002 3343.608032202002 40024977.0 1 772.2241698113291 500 721
5053.626965169007 3152.4269651690065 40024992.0 1 769.0662886216545 520 748
4982.927214861957 2970.4272148619566 40025007.0 1 763.0457401648102 520 785
4914.256135984331 2824.756135984331 40025022.0 1 767.7222358896084 530 800
4862.17663193842 2702.67663193842 40025037.0 1 749.3360644335991 540 824
4820.99704009263 2647.49704009263 40025052.0 1 742.2466851083607 540 827
4808.891113040527 2636.0911130405266 40025067.0 1 742.9075075126574 550 832
4808.403740192408 2654.5037401924083 40025082.0 1 729.7124760303608 560 814
4823.141162470143 2737.1411624701427 40025097.0 1 722.3821222626385 560 784
4863.047813171022 2884.847813171022 40025112.0 1 711.4292338818607 560 750
4919.874833395515 3075.3748333955155 40025127.0 1 710.2919869486468 570 722
4987.447125258351 3289.9471252583508 40025142.0 1 716.2598306529778 570 711
5049.736124857078 3518.1361248570774 40025157.0 1 692.3643304648389 570 713
5097.644230135643 3756.4442301356435 40025172.0 1 699.6649158629255 570 717
5136.004278163873 3966.304278163873 40025187.0 1 693.9671748719478 570 724
5168.194185779216 4116.094185779217 40025202.0 1 692.5487843710611 570 731
5198.263562123355 4225.263562123355 40025217.0 1 707.5868000286324 560 752
5227.466491888332 4305.566491888331 40025232.0 1 709.8432815938146 560 750
5261.293342946896 4368.093342946896 40025247.0 1 719.9356949114216 550 760
5293.394664728824 4419.094664728824 40025262.0 1 725.4890652988793 550 762
5320.991967797884 4446.691967797884 40025277.0 1 737.678011417106 550 771
5344.873034830846 4451.673034830846 40025292.0 1 739.2703730119309 540 777
5365.1727851378955 4441.1727851378955 40025307.0 1 749.7103108915167 540 793
5386.2438640155515 4403.443864015551 40025322.0 1 758.3876305614137 530 827
5401.223368061519 4327.423368061519 40025337.0 1 762.0737897953112 530 848
5412.302959907357 4226.502959907358 40025352.0 1 770.0034272207487 530 869
5416.708886959373 4088.8088869593726 40025367.0 1 777.7116353614326 520 896
5417.196259807425 3930.3962598074245 40025382.0 1 777.0259522752505 520 912
5410.85883752966 3758.15883752966 40025397.0 1 778.0485873516262 520 941
5405.952186828793 3557.2521868287936 40025412.0 1 780.7802047321339 520 940
5401.625166604585 3359.725166604585 40025427.0 1 780.5813898359894 520 955
5397.752874741685 3164.052874741686 40025442.0 1 773.9880368684046 520 965
5393.563875142889 2980.663875142889 40025457.0 1 769.3687408550047 530 968
5387.65576986426 2818.65576986426 40025472.0 1 762.9759254703988 530 970
5382.195721835987 2671.7957218359875 40025487.0 1 738.2730920638002 540 970
5373.805814220632 2569.605814220632 40025502.0 1 748.5478952175293 550 977
5363.3364378765145 2519.9364378765144 40025517.0 1 746.0620378392139 550 980
5356.533508111774 2505.433508111774 40025532.0 1 729.8821666639544 560 965
5351.406657053122 2508.7066570531224 40025547.0 1 732.257508420917 560 934
5332.605335271103 2555.705335271103 40025562.0 1 705.2638819402024 570 921
5303.608032201967 2631.708032201967 40025577.0 1 696.4652646476028 560 896
5267.8269651689625 2763.926965168962 40025592.0 1 684.4545368375884 570 851
5218.827214862253 2929.8272148622527 40025607.0 1 684.6307939298877 570 812
5160.656135984565 3117.356135984565 40025622.0 1 679.6437104229994 570 809
5100.17663193854 3291.376631938541 40025637.0 1 668.9386027112145 570 829
5047.097040092633 3410.497040092633 40025652.0 1 675.0028708027876 570 827
5019.591113040549 3492.19111304055 40025667.0 1 674.4359763459796 570 833
5005.803740192448 3530.9037401924475 40025682.0 1 680.1723357587107 570 825
5014.941162470188 3554.7411624701886 40025697.0 1 678.4348248401627 570 822
5048.547813171065 3569.4478131710657 40025712.0 1 677.7962401525452 570 825
5098.3748333955455 3568.874833395546 40025727.0 1 691.2413970148326 570 824
5150.547125258363 3568.547125258363 40025742.0 1 689.0486640080819 570 822
5188.336124857066 3576.2361248570674 40025757.0 1 701.0362547809156 570 822
5216.644230135614 3554.1442301356137 40025772.0 1 701.9310839651391 570 824
5225.604278163831 3501.504278163831 40025787.0 1 704.0246583188248 560 825
5215.094185779519 3429.3941857795185 40025802.0 1 724.3277528115772 560 825
5191.963562123616 3336.2635621236154 40025817.0 1 724.9356461885671 560 827
5160.966491888307 3263.966491888307 40025832.0 1 726.7677973828658 560 828
5129.693342946892 3206.093342946892 40025847.0 1 738.4773749359205 560 836
5098.094664728841 3180.794664728841 40025862.0 1 739.4494217157602 560 843
5091.391967797918 3180.391967797919 40025877.0 1 730.010209013503 560 845
5087.2730348308905 3189.5730348308907 40025892.0 1 727.2302161440841 560 839
5098.472785137939 3230.87278513794 40025907.0 1 725.74207642293 560 836
5119.543864015587 3312.843864015587 40025922.0 1 712.8478441376351 560 834
5163.223368061537 3421.623368061538 40025937.0 1 709.9431539998355 560 834
5220.502959907354 3569.2029599073544 40025952.0 1 701.364623906397 560 825
5286.508886959348 3740.2088869593485 40025967.0 1 706.109385999143 560 832
5349.29625980768 3927.5962598076803 40025982.0 1 708.2683599390185 560 830
5405.258837529962 4074.558837529962 40025997.0 1 709.8761698904183 560 829
5455.652186829075 4176.052186829075 40026012.0 1 712.0350376523777 560 832
5510.125166604555 4246.625166604555 40026027.0 1 702.3212281967706 560 819
5558.7528747416745 4285.452874741675 40026042.0 1 725.3481217272041 550 819
5597.963875142899 4298.063875142899 40026057.0 1 736.0037728029175 560 821
5632.655769864289 4293.555769864289 40026072.0 1 729.1582498614555 560 833
5665.695721836029 4259.39572183603 40026087.0 1 750.1026838479878 550 849
5691.605814220678 4181.005814220678 40026102.0 1 752.2073068592287 550 861
5711.936437876554 4073.9364378765545 40026117.0 1 752.2655819972678 560 888
5727.533508111798 3953.0335081117987 40026132.0 1 759.7016998142677 550 892
5740.606657053127 3805.1066570531266 40026147.0 1 754.3385522636378 550 905
5751.905335271085 3640.0053352710856 40026162.0 1 758.2460726984575 550 909
5756.508032202195 3466.808032202194 40026177.0 1 778.564026836675 560 909
5748.726965169255 3298.0269651692556 40026192.0 1 769.4109165976289 560 920
5733.327214862207 3131.4272148622076 40026207.0 1 768.2585863583853 560 920
5705.256135984529 2975.2561359845295 40026222.0 1 773.9566884042126 570 921
5669.976631938522 2843.376631938522 40026237.0 1 771.7649041908605 570 923
5629.497040092636 2727.2970400926356 40026252.0 1 760.492322059735 570 923
5597.091113040573 2649.3911130405736 40026267.0 1 757.1066960664784 580 915
5568.603740192486 2609.703740192486 40026282.0 1 738.5871844082756 580 914
5558.841162470235 2596.4411624702343 40026297.0 1 743.1973613294373 590 899
5558.147813171108 2603.4478131711085 40026312.0 1 716.6501352142391 600 863
5557.574833395576 2649.774833395576 40026327.0 1 707.326795455121 600 831
5574.047125258374 2722.247125258374 40026342.0 1 687.5175269810247 600 785
5597.136124857133 2838.436124857133 40026357.0 1 691.2940958540577 610 730
5632.444230135807 2993.444230135807 40026372.0 1 678.4875986544646 610 696
5668.7042781641085 3175.304278164109 40026387.0 1 676.507319623092 610 673
5705.094185779473 3358.6941857794727 40026402.0 1 672.0636345777906 610 669
5731.6635621235755 3511.9635621235757 40026417.0 1 680.9108677817605 610 667
5751.066491888281 3644.766491888282 40026432.0 1 678.5925771712489 610 663
5762.493342946887 3788.493342946887 40026447.0 1 674.2615522204916 610 673
5769.3946647288585 3912.994664728858 40026462.0 1 679.4444657024374 610 671
5773.191967797953 4025.2919677979535 40026477.0 1 684.1541234168822 600 668
5782.3730348309355 4159.773034830935 40026492.0 1 679.1987932132068 600 666
5792.872785137985 4270.372785137985 40026507.0 1 691.6254028673891 600 694
5806.243864015622 4365.643864015622 40026522.0 1 713.3691210657602 590 727
5821.223368061555 4422.623368061556 40026537.0 1 713.1921931950815 580 751
5838.602959907373 4471.502959907373 40026552.0 1 732.7461269289621 580 761
5875.908886959503 4514.408886959503 40026567.0 1 726.4998395097454 570 750
5925.396259807641 4553.396259807641 40026582.0 1 734.1949470958759 560 750
5986.958837529915 4591.858837529916 40026597.0 1 744.6327632078435 560 754
6048.5521868290325 4626.852186829032 40026612.0 1 748.4656115970714 560 759
6107.925166604523 4656.125166604524 40026627.0 1 768.2818740629717 550 784
6165.652874741663 4678.852874741663 40026642.0 1 769.3511090501952 550 793
6213.263875142909 4678.863875142909 40026657.0 1 774.2430957048385 550 821
6251.455769864318 4658.955769864318 40026672.0 1 784.5924072600155 550 840
6283.7957218360725 4610.7957218360725 40026687.0 1 790.8379698723345 550 866
6307.605814220724 4534.505814220724 40026702.0 1 800.5929618294971 540 860
6328.636437876594 4440.0364378765935 40026717.0 1 807.3802282528387 550 888
6347.0335081116355 4341.5335081116355 40026732.0 1 813.1196730892075 540 900
6358.006657053098 4214.6066570530975 40026747.0 1 821.1862459838804 540 944
6361.605335271198 4069.1053352711974 40026762.0 1 806.3047128066622 550 968
6362.0080322018985 3919.708032201898 40026777.0 1 807.4414150854558 550 994
6353.526965169211 3743.2269651692113 40026792.0 1 808.8648404533898 560 984
6345.127214862162 3548.6272148621624 40026807.0 1 808.9679013194136 570 994
6335.256135984493 3339.956135984494 40026822.0 1 806.3506800856455 570 1011
6335.676631938503 3150.6766319385038 40026837.0 1 803.1373382776752 580 1023
6330.19704009266 2949.8970400926605 40026852.0 1 790.1308266350997 590 1023
6329.991113040597 2736.191113040597 40026867.0 1 796.8598671338873 600 1023
6325.303740192525 2550.903740192525 40026882.0 1 790.1274074600375 610 1023
6319.74116247028 2383.6411624702805 40026897.0 1 782.4463831019273 620 1023
6307.147813171151 2228.247813171151 40026912.0 1 762.7433782041179 630 1023
6294.674833395606 2063.1748333956066 40026927.0 1 744.4004526571773 640 1023
6278.247125258299 1914.4471252582987 40026942.0 1 732.0390761186695 650 1023
6260.0361248571235 1801.7361248571233 40026957.0 1 715.534620936565 650 1023
6242.144230135777 1707.5442301357778 40026972.0 1 697.3331029191958 660 1023
6231.504278164066 1639.5042781640668 40026987.0 1 664.0748621226229 670 1023
6221.694185779078 1611.4941857790782 40027002.0 1 645.1245622802678 670 1023
6210.463562123536 1612.163562123536 40027017.0 1 629.359392673703 670 1023
6203.266491888257 1609.1664918882575 40027032.0 1 622.0735905579473 680 1023
6184.593342946882 1627.593342946883 40027047.0 1 591.5655404114221 680 1023
6157.894664728875 1657.594664728875 40027062.0 1 583.7188771270454 680 1023
6123.891967798249 1724.39196779825 40027077.0 1 575.0724923870789 680 990
6082.673034830979 1841.37303483098 40027092.0 1 577.474162868503 680 959
6037.172785137689 1991.8727851376893 40027107.0 1 551.1376255151628 680 924
5986.143864015388 2194.243864015389 40027122.0 1 544.2929184757191 670 870
5929.723368061435 2436.7233680614354 40027137.0 1 551.3253437116517 670 822
5870.102959907348 2706.8029599073484 40027152.0 1 561.1553532251363 670 802
5794.008886959479 2930.30888695948 40027167.0 1 565.8934726667522 670 799
5711.896259807602 3104.3962598076023 40027182.0 1 554.6717408829483 660 811
5626.45883752987 3245.0588375298703 40027197.0 1 557.5969521373909 660 818
5556.452186828989 3350.7521868289896 40027212.0 1 578.2095254063954 660 849
5517.825166604262 3433.2251666042625 40027227.0 1 595.8835543013695 660 861
5499.252874741651 3499.3528747416517 40027242.0 1 596.2126648184721 660 890
5539.163875142919 3565.8638751429194 40027257.0 1 625.9588395925806 650 911
5626.355769864348 3641.155769864348 40027272.0 1 649.2568753742929 650 941
5745.495721836114 3721.7957218361144 40027287.0 1 649.0929317257901 640 935
5874.30581422077 3783.40581422077 40027302.0 1 672.2913790784894 640 955
5995.436437876333 3813.536437876333 40027317.0 1 678.0793332687691 630 965
6086.633508111661 3823.533508111661 40027332.0 1 695.1659363473756 630 968
6159.906657053102 3815.6066570531025 40027347.0 1 710.7151822960519 620 977
6206.90533527118 3793.3053352711804 40027362.0 1 716.1751434362552 620 994
6220.608032201863 3760.808032201863 40027377.0 1 737.6651672615043 610 985
6211.426965169166 3698.426965169166 40027392.0 1 735.2766246015983 610 990
6151.227214862117 3606.7272148621173 40027407.0 1 741.5841472825907 610 993
6062.956135984458 3494.656135984458 40027422.0 1 741.4925092938208 610 994
5955.576631938486 3376.0766319384857 40027437.0 1 743.3026606265352 610 997
5846.497040092664 3265.5970400926635 40027452.0 1 743.7338388967742 600 1023
5743.39111304062 3196.0911130406207 40027467.0 1 746.4088025478403 600 1023
5695.303740192269 3151.503740192269 40027482.0 1 750.8742849050795 600 1023
5681.341162469978 3143.141162469979 40027497.0 1 740.8037666045498 600 1023
5707.947813170869 3150.147813170869 40027512.0 1 726.9190113196888 600 1023
5780.174833395637 3168.4748333956372 40027527.0 1 730.2612128756227 600 1023
5882.04712525831 3210.14712525831 40027542.0 1 724.8802128057323 600 1023
6025.5361248571135 3259.1361248571134 40027557.0 1 724.3531981685003 600 1023
6156.744230135748 3312.6442301357483 40027572.0 1 720.6682864620265 600 996
6279.104278164024 3327.9042781640246 40027587.0 1 713.7001170364182 620 926
6366.594185779032 3320.894185779032 40027602.0 1 726.5625775935791 620 773
6433.763562123497 3299.863562123496 40027617.0 1 718.9937753679186 620 307
