254
1717.7572405786304 2905.65724057863 56823036.0 0 748.354060231758 570 217
1729.7992598405501 2884.79925984055 56823051.0 1 728.9069522962734 570 244
1729.6144600202033 2907.014460020203 56823066.0 1 737.0043224260097 570 289
1734.0431250669212 2924.743125066921 56823081.0 1 721.4794414889267 570 397
1738.2879998504065 2944.3879998504067 56823096.0 1 722.9951522058197 570 496
1737.5918931199121 2965.391893119912 56823111.0 1 724.5052639241683 570 564
1740.5065470589946 2987.2065470589946 56823126.0 1 730.5632192217847 570 605
1740.1595594715047 3019.759559471505 56823141.0 1 715.3926244929033 570 636
1740.1265691239144 3060.326569123914 56823156.0 1 718.6311044819673 570 652
1740.4147674815295 3115.9147674815295 56823171.0 1 746.5319109661726 570 670
1740.9613310625753 3187.1613310625753 56823186.0 1 741.1255640839305 570 667
1737.4471161386443 3269.0471161386445 56823201.0 1 725.1625215335445 570 672
1731.1226305109687 3371.222630510969 56823216.0 1 727.7474602980861 570 679
1720.440620861357 3465.5406208613567 56823231.0 1 737.2641878208532 570 702
1701.7881720519736 3553.9881720519734 56823246.0 1 736.4581015971941 570 730
1677.9113211535066 3609.211321153506 56823261.0 1 738.3601887238914 560 748
1649.5268206589728 3635.4268206589727 56823276.0 1 742.0080108721259 560 760
1618.1184866593912 3641.818486659391 56823291.0 1 731.5888200874977 560 758
1574.0189280283512 3625.018928028351 56823306.0 1 755.0274619528896 560 758
1522.2806394193406 3560.680639419341 56823321.0 1 747.4643541093726 560 763
1458.842759421305 3465.742759421305 56823336.0 1 742.0862301072023 560 756
1394.3007401594546 3311.6007401594547 56823351.0 1 753.818428308753 560 768
1328.6855399798696 3126.9855399798694 56823366.0 1 759.4250552313781 560 785
1267.5568749332037 2922.356874933204 56823381.0 1 759.4897855859549 560 797
1208.0120001497435 2704.6120001497434 56823396.0 1 757.4610235237659 560 784
1166.7081068802304 2526.8081068802303 56823411.0 1 761.4883703044649 570 802
1136.493452941109 2374.7934529411086 56823426.0 1 754.8027326340726 570 808
1131.94044052844 2277.1404405284397 56823441.0 1 745.0967306221106 570 809
1144.5734308761225 2214.8734308761223 56823456.0 1 742.7009646866255 570 808
1168.7852325185916 2176.785232518592 56823471.0 1 737.413971886788 580 808
1201.1386689376036 2176.2386689376035 56823486.0 1 729.289809444573 580 812
1250.152883861553 2235.0528838615533 56823501.0 1 718.0956889687641 580 802
1309.6773694888982 2330.2773694888983 56823516.0 1 710.3928127577248 590 797
1393.8593791385576 2461.3593791385574 56823531.0 1 709.6547198629821 590 794
1498.6118279480072 2643.8118279480072 56823546.0 1 702.9995301375507 590 759
1616.2886788465446 2860.188678846545 56823561.0 1 685.5384691860395 600 727
1736.3731793411375 3119.5731793411373 56823576.0 1 688.2806009559208 600 691
1858.0815133407539 3388.281513340754 56823591.0 1 690.6245123760763 600 694
1979.9501680455107 3664.1501680455103 56823607.5 1 694.1731818643376 600 691
2088.3741720723674 3963.674172072367 56823622.5 1 704.5479698502032 590 702
2196.5858192986116 4248.285819298611 56823637.5 1 705.8228777937857 590 690
2286.995376000623 4522.095376000622 56823652.5 1 709.7163263946325 590 719
2365.178960246443 4740.278960246443 56823667.5 1 724.3528379110558 580 748
2399.6837478471316 4846.183747847132 56823682.5 1 746.2151408492434 580 759
2412.3176886435476 4877.017688643547 56823697.5 1 761.3274534142314 580 759
2411.6259748516304 4872.82597485163 56823712.5 1 767.9182662824387 570 760
2393.5593910516523 4816.959391051651 56823727.5 1 781.2927004725477 560 774
2345.641445119396 4726.341445119396 56823742.5 1 791.3031287399386 550 805
2277.0414451193556 4577.241445119355 56823757.5 1 815.540475255372 540 834
2197.5593910515395 4371.05939105154 56823772.5 1 817.8816578013682 540 860
2117.6259748511475 4126.6259748511475 56823787.5 1 833.9185173152167 530 861
2037.117688643375 3858.5176886433746 56823802.5 1 836.5544727065106 540 876
1965.6837478469843 3587.5837478469844 56823817.5 1 837.9573191619057 530 894
1897.5789602463526 3326.9789602463525 56823832.5 1 842.8221337752963 530 927
1834.795376000609 3074.495376000609 56823847.5 1 840.4048251256127 530 941
1804.5858192988117 2846.1858192988116 56823862.5 1 841.9624401504634 530 952
1795.0741720724989 2655.3741720724984 56823877.5 1 821.6807329332242 530 962
1820.350168045679 2489.550168045679 56823892.5 1 824.9123341391343 540 959
1870.0498319543417 2390.149831954342 56823907.5 1 817.5296253277743 540 964
1935.2258279275175 2330.7258279275175 56823922.5 1 796.1311302822722 550 965
2009.7141807013302 2297.4141807013298 56823937.5 1 789.7285496591059 560 970
2105.5046239993894 2316.904623999389 56823952.5 1 766.2022043837468 570 971
2214.9210397534534 2370.3210397534535 56823967.5 1 766.3383573255405 570 971
2331.616252152699 2447.116252152699 56823982.5 1 749.8380769870038 570 970
2449.1823113562546 2547.1823113562546 56823997.5 1 728.0398276955918 580 965
2570.2740251481864 2682.9740251481862 56824012.5 1 718.9345337967763 580 965
2694.040608948219 2842.440608948219 56824027.5 1 707.2895532068953 590 971
2788.1585548806393 3008.6585548806393 56824042.5 1 698.3600501526143 590 971
2863.058554880609 3167.558554880609 56824057.5 1 708.9152747583474 590 970
2924.3406089483615 3321.2406089483616 56824072.5 1 697.0904514891946 580 970
2941.974025148712 3427.774025148712 56824087.5 1 695.8045020548165 580 982
2925.8823113564736 3485.8823113564736 56824102.5 1 694.6698693279105 580 979
2887.416252152886 3511.116252152886 56824117.5 1 697.411638772102 580 974
2828.821039753568 3510.621039753568 56824132.5 1 704.7109409922757 580 974
2751.604623999406 3449.5046239994062 56824147.5 1 695.4157995321019 580 991
2662.8141807011125 3351.6141807011127 56824162.5 1 710.7814014541005 580 1015
2564.5258279273507 3208.5258279273507 56824177.5 1 715.2596019334443 580 1023
2488.849831954128 3048.1498319541283 56824192.5 1 724.7955076918187 570 1023
2427.950168045466 2875.950168045466 56824207.5 1 713.8203583645401 570 1023
2406.1741720725977 2744.2741720725976 56824222.5 1 723.0791223256786 570 1023
2415.6858192987274 2645.2858192987273 56824237.5 1 727.0875809695308 570 1023
2445.8953760005984 2567.6953760005986 56824252.5 1 732.0755768498999 570 1023
2493.2789602464672 2526.878960246467 56824267.5 1 719.1343809079028 570 1023
2561.3837478471714 2510.9837478471713 56824282.5 1 720.3323256412292 570 1023
2642.6176886435937 2510.3176886435936 56824297.5 1 711.9405429890218 570 1023
2730.825974851673 2544.625974851673 56824312.5 1 721.6820856534813 580 1023
2842.2593910516816 2609.1593910516817 56824327.5 1 714.5042426647159 580 1023
2970.041445119407 2695.641445119407 56824342.5 1 695.1534884585409 580 1023
3098.8414451193444 2798.5414451193446 56824357.5 1 695.3852607310284 580 990
3229.3593910515096 2920.6593910515094 56824372.5 1 700.5051727428533 590 897
3361.5259748511053 3054.9259748511054 56824387.5 1 691.3389759752318 590 787
3468.617688643329 3197.0176886433287 56824402.5 1 683.1588077344729 590 636
3557.4837478472427 3345.383747847243 56824417.5 1 685.1968576880166 590 412
4029.985539979975 4672.585539979975 56824734.0 0 855.8654016878024 500 117
4060.6007401594507 4668.20074015945 56824749.0 1 857.1833595549922 500 244
4060.74275942136 4668.34275942136 56824764.0 1 860.9302894958636 500 353
4061.180639419443 4668.780639419443 56824779.0 1 854.2384453594378 500 430
4061.818928028136 4669.418928028135 56824794.0 1 854.1615339224129 500 496
4062.518486658845 4670.1184866588455 56824809.0 1 848.3268667051283 500 570
4063.126820658813 4664.426820658812 56824824.0 1 852.0401526781767 500 647
4070.511321153432 4634.011321153432 56824839.0 1 862.1203108946995 500 700
4070.588172052001 4585.788172052 56824854.0 1 850.4204052324349 500 746
4063.34062086148 4497.34062086148 56824869.0 1 850.3675433638002 520 788
4048.822630511467 4375.722630511467 56824884.0 1 850.7853505671659 520 821
4031.3471161388634 4232.247116138863 56824899.0 1 855.9937814018094 520 863
4011.0613310627737 4053.7613310627735 56824914.0 1 846.271415966755 520 903
3991.6147674816634 3861.4147674816636 56824929.0 1 847.7385356831318 520 924
3967.5265691238897 3660.22656912389 56824944.0 1 836.1866523895987 530 945
3939.559559471443 3414.5595594714437 56824959.0 1 835.8995682918552 540 938
3920.306547058844 3200.0065470588443 56824974.0 1 822.0349069705948 540 961
3883.0918931197057 3005.9918931197058 56824989.0 1 817.0437869254929 550 974
3834.0879998501887 2822.5879998501887 56825004.0 1 812.8779339115664 550 988
3817.94312506674 2704.94312506674 56825019.0 1 794.6996407663728 550 995
3804.4144600199293 2631.214460019929 56825034.0 1 790.8338810680328 550 997
3796.899259840543 2599.199259840543 56825049.0 1 784.1878557630371 560 976
3796.7572405787237 2591.357240578724 56825064.0 1 772.0237206235853 570 967
3796.3193605807123 2600.0193605807126 56825079.0 1 754.6585470141969 580 962
3795.681071972058 2624.581071972058 56825094.0 1 741.4991324692783 580 958
3804.781513341344 2699.481513341344 56825109.0 1 723.0660544833844 580 958
3832.1731793410763 2807.373179341076 56825124.0 1 719.2104307585794 580 956
3872.388678846516 2923.1886788465163 56825139.0 1 699.764449286513 590 955
3934.611827948018 3031.611827948018 56825154.0 1 711.5439145707207 590 949
4013.711827948018 3135.9118279480176 56825154.0 1 700.640529670435 590 947
4104.259379138604 3194.9593791386046 56825169.0 1 708.7247708350693 590 953
4182.477369488665 3224.8773694886654 56825184.0 1 705.3957884666981 590 953
4255.252883861288 3236.0528838612877 56825199.0 1 702.1883359152679 590 958
4323.838668937363 3220.6386689373635 56825214.0 1 705.2089060858053 600 971
4380.385232518429 3176.385232518429 56825229.0 1 706.7667175134274 600 992
4414.273430876072 3113.673430876073 56825244.0 1 712.3589528122799 600 1006
4432.440440528611 3031.740440528611 56825259.0 1 708.8106786632477 600 1023
4415.99345294129 2935.4934529412903 56825274.0 1 722.0642768957837 600 1023
4371.3081068804795 2829.20810688048 56825289.0 1 719.6182240119158 600 1023
4306.912000150007 2729.1120001500067 56825304.0 1 722.4431199837596 600 1023
4234.1568749331345 2640.9568749331343 56825319.0 1 713.6482039005981 600 1023
4158.785539979997 2561.3855399799972 56825334.0 1 722.9425695231721 600 1023
4080.9007401594517 2522.700740159452 56825349.0 1 722.3654111286716 600 1023
4008.9427594213403 2515.8427594213404 56825364.0 1 709.6138353837202 610 1011
3962.4806394194065 2529.580639419407 56825379.0 1 715.2172049008624 610 952
3933.71892802809 2580.61892802809 56825394.0 1 701.555661401146 610 854
3930.218486658801 2689.818486658801 56825409.0 1 695.8246582620941 610 719
3962.326820658779 2837.426820658779 56825424.0 1 692.2392415331591 620 498
4515.872775423814 4226.072775423815 56825530.5 0 676.0464633708889 590 294
4811.714964513447 4580.014964513447 56825545.5 1 698.2882759919355 580 444
4913.980871961745 4741.780871961745 56825560.5 1 705.4271175716473 580 556
4987.856130804911 4814.256130804911 56825575.5 1 715.4870824892708 580 599
5047.958939511992 4836.558939511992 56825590.5 1 727.0995338974116 580 650
5100.457893650366 4826.057893650365 56825605.5 1 740.8487018472428 570 714
5148.000630337756 4763.000630337756 56825620.5 1 764.8803362181217 560 779
5178.547041363562 4657.747041363562 56825635.5 1 779.5795220445827 560 832
5188.499814948724 4524.1998149487235 56825650.5 1 791.3755248920431 550 866
5184.1256484451105 4351.825648445111 56825665.5 1 805.326269478018 550 906
5162.662507877934 4149.762507877935 56825680.5 1 827.8090397865767 550 947
5131.211351847984 3927.9113518479835 56825695.5 1 818.8063567350194 550 970
5093.41412387267 3689.2141238726704 56825710.5 1 834.9229529677916 560 977
5043.1228105534965 3442.922810553496 56825725.5 1 836.5298815475003 560 1008
4988.866310477828 3191.266310477829 56825740.5 1 842.9467344689157 560 1023
4931.422336010772 3002.9223360107712 56825755.5 1 840.757791978155 570 1023
4875.00047301214 2834.50047301214 56825770.5 1 833.8903764493543 570 1023
4839.140091245124 2678.9400912451238 56825785.5 1 821.916833729635 580 1023
4816.723560975628 2612.423560975628 56825800.5 1 803.7322927583855 590 1023
4812.501894721189 2590.0018947211897 56825815.5 1 800.5236377109172 600 1023
4813.027224576071 2597.527224576071 56825830.5 1 782.3524812876234 610 1023
4817.485035486575 2620.185035486574 56825845.5 1 761.5828524564972 620 1023
4827.919128038206 2702.0191280382055 56825860.5 1 758.7457888549314 620 1014
4854.143869194979 2823.4438691949795 56825875.5 1 733.5949068139472 630 1003
4890.641060487862 2978.9410604878626 56825890.5 1 720.8101411802623 640 990
4948.042106349484 3141.3421063494843 56825905.5 1 722.0940516420127 640 987
5016.699369662122 3308.6993696621225 56825920.5 1 712.733429240174 640 981
5093.252958636371 3408.3529586363707 56825935.5 1 701.3597101281077 640 981
5165.200185051273 3458.6001850512735 56825950.5 1 712.226788600716 640 981
5233.274351554795 3475.5743515547956 56825965.5 1 710.7462956800678 640 979
5299.537492121903 3470.437492121903 56825980.5 1 710.8979987704216 640 981
5362.488648151821 3431.8886481518202 56825995.5 1 719.2727740828343 640 982
5412.885876127142 3370.9858761271425 56826010.5 1 711.5291121298261 640 990
5455.4771894466085 3266.5771894466093 56826025.5 1 702.5719361676595 640 1023
5466.3336895222155 3145.1336895222153 56826040.5 1 735.0150744357211 630 1023
5446.077663989202 3012.1776639892023 56826055.5 1 739.6417458091893 630 1023
5404.499526987768 2857.199526987769 56826070.5 1 732.3450608146846 630 1023
5339.55990875474 2710.3599087547395 56826085.5 1 745.2467287274585 630 1023
5259.076439024219 2569.67643902422 56826100.5 1 754.7450296702954 630 1023
5168.798105278676 2460.4981052786757 56826115.5 1 734.9713047865259 630 1023
5075.872775423841 2379.472775423841 56826130.5 1 738.1660346733489 630 1023
4990.214964513453 2316.914964513453 56826145.5 1 739.7785255760956 630 1023
4930.08087196173 2294.5808719617303 56826160.5 1 716.5360468102997 640 1023
4884.256130804878 2313.156130804878 56826175.5 1 720.0883618164731 640 1023
4862.458939511948 2358.5589395119487 56826190.5 1 713.2844178636811 640 964
4869.45789365032 2456.5578936503202 56826205.5 1 706.0377525370649 650 846
4896.000630337998 2600.7006303379985 56826220.5 1 699.8801492042626 640 739
4958.747041363696 2774.7470413636956 56826235.5 1 683.7604968265956 640 628
5056.199814948724 2925.399814948724 56826250.5 1 687.439295189995 640 353
5491.122810553528 3242.0228105535284 56826325.5 0 696.7333621291837 640 190
5679.766310477842 3289.2663104778426 56826340.5 1 686.2539099651896 640 376
5737.122336010703 3303.9223360107035 56826355.5 1 703.1406614579612 630 546
5778.7004730121125 3304.200473012112 56826370.5 1 706.6167736241279 630 627
5816.3400912450825 3295.640091245082 56826385.5 1 716.773852789479 630 684
5850.623560975931 3278.1235609759315 56826400.5 1 716.3962126689888 630 730
5873.001894721458 3257.8018947214578 56826415.5 1 730.4215867524272 630 783
5885.427224576045 3222.6272245760447 56826430.5 1 727.9359291070823 630 864
5890.585035486568 3178.085035486568 56826445.5 1 724.8076864491715 630 911
5878.619128038221 3111.5191280382205 56826460.5 1 747.4922639523694 630 967
5852.343869195012 3015.2438691950124 56826475.5 1 742.2200592132913 630 1012
5816.041060487906 2899.1410604879065 56826490.5 1 735.559458400816 630 1023
5776.142106349874 2778.042106349874 56826505.5 1 763.0998030288962 630 1023
5738.399369662158 2654.1993696621594 56826520.5 1 748.461690195676 640 1023
5705.752958636391 2555.752958636391 56826535.5 1 762.1049615034124 640 1023
5690.900185051272 2475.8001850512724 56826550.5 1 748.3597471084897 640 1023
5686.174351554774 2438.8743515547744 56826565.5 1 751.7568167288648 640 1023
5693.637492121579 2428.8374921215795 56826580.5 1 751.7467081091554 640 1023
5704.08864815212 2437.18864815212 56826595.5 1 735.5525933913541 650 1023
5728.5858761274285 2479.1858761274293 56826610.5 1 725.2575436744103 650 991
5762.077189446577 2561.677189446577 56826625.5 1 716.9924668135587 640 909
5810.033689522202 2670.5336895222017 56826640.5 1 722.6879895933544 640 752
5859.07766398927 2797.9776639892702 56826655.5 1 717.8148087449947 640 376
5941.03350811167 3463.733508111671 56826732.0 0 725.2868715761279 640 180
5961.106657053104 3622.406657053104 56826747.0 1 721.0467948637839 640 314
5965.4053352711735 3622.5053352711734 56826762.0 1 735.4237191534429 630 436
5965.808032202111 3605.4080322021114 56826777.0 1 730.3592351266709 630 535
5980.4269651691475 3573.8269651691485 56826792.0 1 742.1012944677282 630 570
6005.627214862099 3503.8272148620995 56826807.0 1 754.5032493350324 620 592
6037.056135984443 3414.856135984444 56826822.0 1 751.2815424098944 610 637
6075.276631938478 3313.0766319384784 56826837.0 1 757.846975217717 610 688
6125.097040092643 3230.5970400926426 56826852.0 1 762.3573057169203 610 721
6182.99111304063 3165.99111304063 56826867.0 1 789.159158936938 610 782
6266.503740192579 3113.0037401925797 56826882.0 1 789.7585170454868 610 821
6355.441162470344 3080.841162470345 56826897.0 1 786.8887494946874 610 849
6447.147813171211 3073.147813171211 56826912.0 1 788.7424783743209 600 866
6566.274833395419 3082.3748333954186 56826927.0 1 805.0079755813335 600 890
6696.847125258314 3104.4471252583144 56826942.0 1 798.1290671072159 600 899
6835.4361248571095 3142.236124857109 56826957.0 1 795.4540368104049 610 903
6984.844230135736 3190.1442301357365 56826972.0 1 795.2181565894057 610 908
7103.704278164007 3246.0042781640072 56826987.0 1 787.2189675296843 610 909
7201.694185779362 3305.494185779362 56827002.0 1 796.359971757864 620 900
7262.56356212348 3367.7635621234804 56827017.0 1 795.8398496951306 620 909
7285.466491888223 3426.3664918882228 56827032.0 1 799.2317852281294 620 932
7285.693342946877 3472.7933429468767 56827047.0 1 805.8776472130573 630 947
7242.894664728898 3511.1946647288987 56827062.0 1 811.8850664463832 630 947
7163.391967798037 3522.6919677980363 56827077.0 1 813.0898119157657 630 945
7057.773034831042 3494.0730348310426 56827092.0 1 828.0510741687812 630 955
6903.072785137752 3439.4727851377525 56827107.0 1 818.4753720735976 630 1008
6748.4438640154385 3325.4438640154385 56827122.0 1 818.0526695372715 630 1023
6611.523368061461 3189.2233680614613 56827137.0 1 830.1083455273377 630 1023
6486.102959907366 3039.3029599073666 56827152.0 1 826.2451453277139 630 1023
6419.808886959447 2880.6088869594464 56827167.0 1 817.2454611381056 630 1023
6402.796259807547 2745.296259807548 56827182.0 1 832.3188353000482 640 1023
6418.158837529805 2626.2588375298055 56827197.0 1 824.9077923971053 650 1023
6466.452186828929 2538.0521868289297 56827212.0 1 818.3436652559345 650 1023
6562.92516660445 2481.2251666044504 56827227.0 1 824.724041158692 650 1023
6691.352874741636 2444.4528747416357 56827242.0 1 807.0492670927641 650 1023
6836.263875142933 2428.3638751429335 56827257.0 1 786.0353648608284 650 1023
7031.255769864389 2466.555769864389 56827272.0 1 778.0188970973968 660 1023
7259.595721836173 2540.195721836174 56827287.0 1 773.9603333555776 660 1023
7486.405814220486 2622.805814220486 56827302.0 1 753.3502166071069 660 1012
7659.336437876388 2701.936437876389 56827317.0 1 737.2135828772317 660 791
7796.0335081116955 2764.4335081116956 56827332.0 1 725.665983004906 670 61
