179
3274.2727851381183 2668.7727851381183 44360907.0 0 680.4351421228291 430 679
3201.5438640154584 2599.5438640154584 44360922.0 1 694.63364169847 420 696
3142.32336806161 2599.12336806161 44360937.0 1 712.3705587914425 420 719
3098.802959907343 2603.202959907343 44360952.0 1 718.168379198845 410 793
3078.708886959434 2603.408886959434 44360967.0 1 701.742066566477 410 802
3079.1962598075265 2603.8962598075263 44360982.0 1 714.988140426728 420 799
3084.058837530128 2608.758837530128 44360997.0 1 726.0961108313011 430 790
3091.052186828906 2628.352186828906 44361012.0 1 733.2924351578349 430 790
3160.225166604434 2659.725166604434 44361027.0 1 736.6320201807168 430 794
3271.1528747417165 2742.6528747417165 44361042.0 1 751.4507563313928 440 793
3385.9638751429393 2787.4638751429393 44361057.0 1 773.4464603625486 440 794
3478.0557698641824 2807.4557698641825 44361072.0 1 760.1278438175432 450 785
3554.495721836197 2852.395721836197 44361087.0 1 771.6912752862906 460 782
3613.30581422086 2863.6058142208603 44361102.0 1 780.4467064559193 470 784
3656.0364378764107 2852.4364378764108 44361117.0 1 766.310026297873 470 793
3688.4335081118966 2832.3335081118967 44361132.0 1 780.2818625293552 480 796
3712.706657053111 2773.306657053111 44361147.0 1 773.0323350193116 490 797
3725.405335271019 2688.005335271019 44361162.0 1 770.0092324908935 490 808
3730.708032202058 2549.808032202058 44361177.0 1 780.3974659650964 500 808
3715.2269651694173 2425.1269651694174 44361192.0 1 771.9906667932106 500 808
3685.1272148620296 2310.32721486203 44361207.0 1 775.4955210129285 500 803
3645.856135984658 2218.5561359846583 44361222.0 1 773.3946975149224 510 799
3604.2766319384496 2145.47663193845 44361237.0 1 787.1477740423244 510 787
3561.697040092647 2084.697040092647 44361252.0 1 783.0278203757091 510 790
3517.3911130404886 2060.6911130404887 44361267.0 1 772.4612509841286 510 776
3481.20374019264 2060.2037401926405 44361282.0 1 764.0711267867725 510 760
3447.6411624700686 2072.8411624700684 44361297.0 1 779.3838553140521 510 697
3432.247813171278 2109.247813171278 44361312.0 1 772.7620545478454 520 676
3428.1748333956966 2161.874833395697 44361327.0 1 761.1816823681073 520 679
3455.147125258333 2225.9471252583326 44361342.0 1 768.017665067922 520 685
3479.636124857094 2232.9361248570935 44361357.0 1 769.8492281596002 520 697
3502.3442301359137 2212.9442301359136 44361372.0 1 759.0474560648713 520 717
3537.2042781639416 2175.7042781639416 44361387.0 1 763.0918620613672 520 727
3574.2941857792907 2088.194185779291 44361402.0 1 757.133774791706 520 740
3588.263562123719 1968.4635621237194 44361417.0 1 762.3914718518736 520 743
3585.2664918881846 1827.5664918881846 44361432.0 1 764.7965513902432 520 743
3573.5933429469032 1715.793342946903 44361447.0 1 762.7186982510035 520 746
3573.4946647289253 1638.694664728925 44361462.0 1 766.8755739333241 520 743
3580.79196779809 1585.0919677980903 44361477.0 1 775.1237623114372 530 737
3591.3730348307736 1574.6730348307738 44361492.0 1 761.5317943292658 530 746
3604.672785138163 1573.972785138163 44361507.0 1 770.4816571702642 530 761
3642.5438640154935 1578.243864015494 44361522.0 1 768.3484185364764 530 755
3695.323368061628 1628.2233680616284 44361537.0 1 759.6139251038367 530 748
3771.502959907362 1712.802959907362 44361552.0 1 764.8929995678193 530 696
3866.908886959588 1820.808886959588 44361567.0 1 761.520785387803 530 304
4379.263875142949 3043.663875142949 44361657.0 0 768.402119327874 520 832
4376.155769864212 2922.955769864212 44361672.0 1 780.8695924338087 530 839
4345.495721836239 2846.0957218362396 44361687.0 1 788.1795677686315 520 860
4344.805814220906 2767.705814220906 44361702.0 1 783.5419848142034 520 863
4321.7364378764505 2668.3364378764504 44361717.0 1 796.3118572278303 520 864
4299.533508111734 2581.0335081117337 44361732.0 1 798.8573183096448 520 866
4290.206657053082 2502.406657053082 44361747.0 1 804.5125752372617 520 853
4290.30533527113 2423.4053352711303 44361762.0 1 798.2728867032697 520 831
4290.708032202023 2359.408032202023 44361777.0 1 795.8144014771109 520 740
4305.326965169373 2304.7269651693728 44361792.0 1 806.5517486817422 520 548
4327.027214861984 2281.6272148619846 44361807.0 1 815.2651348965455 520 297
4410.082728461977 2764.3827284619774 44361913.5 0 806.507682018894 540 546
4511.729354389061 2879.329354389062 44361928.5 1 803.3093464993069 540 536
4574.431165784066 2960.9311657840667 44361943.5 1 810.6661649209426 540 548
4645.8531638723425 3024.653163872343 44361958.5 1 806.6135285732335 540 566
4737.890553357449 3076.790553357449 44361973.5 1 797.7992801019975 540 589
4830.869787734321 3117.969787734321 44361988.5 1 803.1420142275581 540 594
4921.86460146639 3131.2646014663906 44362003.5 1 801.6455852925653 540 592
4998.8235342268845 3126.323534226884 44362018.5 1 815.849312282558 540 599
5057.402947271646 3104.402947271646 44362033.5 1 813.4503800526719 530 616
5101.69833481243 3078.6983348124304 44362048.5 1 817.752704744021 540 637
5116.967104915013 3045.6671049150136 44362063.5 1 812.677768582311 540 667
5110.937863984531 2999.0378639845308 44362078.5 1 819.2580888610049 540 673
5090.004180942959 2943.104180942959 44362093.5 1 824.6485519595684 530 664
5046.604190424869 2876.604190424869 44362108.5 1 831.4862914096434 540 617
4977.39048122977 2808.79048122977 44362123.5 1 837.5576822370351 540 253
4614.329340323751 2564.7293403237513 44362198.5 0 829.9945640329935 540 502
4536.6172715378425 2501.017271537842 44362213.5 1 828.0946289508971 540 524
4521.770645610814 2491.7706456108144 44362228.5 1 824.6925308871594 540 561
4526.268834215892 2502.568834215893 44362243.5 1 820.0691571569678 540 616
4543.046836127708 2502.5468361277085 44362258.5 1 815.9876948470119 540 679
4568.609446642448 2534.4094466424485 44362273.5 1 814.487505406813 540 684
4659.030212265537 2588.4302122655367 44362288.5 1 815.5277515562245 550 676
4739.535398533459 2639.5353985334586 44362303.5 1 817.9773004974246 550 664
4813.076465772989 2694.876465772989 44362318.5 1 804.8555758451423 540 665
4858.097052728452 2726.5970527284517 44362333.5 1 808.2697605750067 540 638
4878.201665187562 2742.501665187562 44362348.5 1 807.9135553746446 540 633
4878.332895085048 2742.6328950850484 44362363.5 1 817.2527897020377 540 644
4869.662136015314 2678.662136015315 44362378.5 1 820.9567804498815 540 681
4831.795819056847 2576.3958190568474 44362393.5 1 812.0747518065223 540 758
4775.7958095746035 2474.195809574603 44362408.5 1 810.0395607232921 550 788
4725.309518770083 2369.8095187700833 44362423.5 1 813.2996690505997 550 797
4690.703166046197 2276.403166046198 44362438.5 1 813.5595739988996 550 812
4666.290941433184 2191.790941433185 44362453.5 1 819.0023804929876 550 811
4652.053711042001 2147.4537110420015 44362468.5 1 822.9870273925749 550 799
4646.643188002774 2128.7431880027743 44362483.5 1 815.908108297099 540 785
4645.970659676096 2128.070659676097 44362498.5 1 806.9645590735291 540 784
4645.282728462019 2127.3827284620193 44362513.5 1 808.696733664998 540 763
4649.62935438909 2149.9293543890903 44362528.5 1 811.8691688531275 540 754
4678.031165784077 2188.831165784076 44362543.5 1 817.5816808727036 540 671
4724.953163872238 2274.253163872239 44362558.5 1 803.1145579925412 540 659
4781.990553357417 2348.790553357418 44362573.5 1 809.8604557919572 540 670
4823.869787734277 2416.5697877342777 44362588.5 1 810.7774164227209 550 679
4843.464601466344 2422.1646014663447 44362603.5 1 804.5440857920237 550 694
4853.923534226845 2413.7235342268455 44362618.5 1 802.5442644765789 550 721
4869.102947271623 2396.002947271623 44362633.5 1 786.6204419572855 550 739
4878.398334812445 2363.298334812445 44362648.5 1 775.0530947004297 550 751
4883.167104914888 2326.767104914889 44362663.5 1 787.2820529118396 550 748
4867.337863984567 2278.0378639845667 44362678.5 1 797.0048546072735 550 740
4834.504180943004 2223.504180943004 44362693.5 1 792.9587103935905 550 687
4791.104190425251 2167.50419042525 44362708.5 1 788.3313227062722 550 647
4722.590481229804 2117.8904812298047 44362723.5 1 784.2108623797493 550 515
4655.696833953748 2071.9968339537486 44362738.5 1 794.2055838168895 550 512
4589.809058566792 2047.4090585667934 44362753.5 1 790.1923133946925 550 527
4569.74628895789 2040.6462889578895 44362768.5 1 790.6171623902837 550 540
4574.456811997054 2046.7568119970538 44362783.5 1 789.0965805190928 550 608
4595.429340323706 2054.4293403237057 44362798.5 1 785.7109462020865 550 664
4657.7172715378 2060.0172715378003 44362813.5 1 791.0534018443591 550 716
4722.670645611004 2060.5706456110042 44362828.5 1 788.9728500661868 550 740
4790.168834215954 2053.8688342159544 44362843.5 1 811.7195175969064 550 745
4831.446836127721 2044.0468361277208 44362858.5 1 808.0972461125541 550 743
4854.909446642479 2031.1094466424795 44362873.5 1 810.323477141148 550 742
4864.13021226558 2014.4302122655802 44362888.5 1 803.1094130037939 550 758
4845.935398533504 1992.7353985335046 44362903.5 1 812.7970975883909 550 761
4810.276465773027 1933.2764657730277 44362918.5 1 794.1858077150673 550 759
4725.097052728474 1848.0970527284746 44362933.5 1 801.8988064478788 550 773
4626.901665187564 1790.5016651875644 44362948.5 1 810.330246588272 550 791
4519.932895085029 1735.3328950850293 44362963.5 1 805.680435004885 550 803
4448.262136015279 1682.5621360152788 44362978.5 1 799.0007585066555 550 802
4429.2958190568015 1672.6958190568023 44362993.5 1 812.4694796852601 550 796
4444.695809574895 1673.3958095748958 44363008.5 1 793.0411216368168 550 790
4467.009518770307 1674.0095187703077 44363023.5 1 781.5525280536888 550 790
4543.703166046304 1700.303166046305 44363038.5 1 792.7097244824329 550 794
4656.49094143319 1759.19094143319 44363053.5 1 800.683917464315 560 794
4779.453711042027 1840.153711042027 44363068.5 1 806.19217665155 560 805
4879.043188002814 1930.6431880028142 44363083.5 1 804.83961630448 560 808
4963.070659676143 2014.6706596761428 44363098.5 1 804.2716388089655 560 800
5026.082728462061 2094.4827284620615 44363113.5 1 804.1881912513558 560 785
5050.029354389119 2156.9293543891195 44363128.5 1 807.3022779118621 560 700
5049.7311657840855 2232.9311657840854 44363143.5 1 807.8346596314885 560 637
5014.053163872227 2317.6531638722267 44363158.5 1 805.7457233781736 560 515
4963.9905533573865 2387.2905533573867 44363173.5 1 807.3852061771286 560 384
4902.269787734234 2457.8697877342347 44363188.5 1 806.1764953411881 560 324
4785.136509786322 2854.5365097863228 44363265.0 0 834.2165545211576 560 233
4769.281677878419 2897.4816778784193 44363280.0 1 828.3031296659279 560 334
4758.834651697771 2903.1346516977706 44363295.0 1 833.2212615816564 560 489
4749.736474508533 2907.3364745085332 44363310.0 1 846.0474994562777 550 627
4749.139339828459 2906.739339828459 44363325.0 1 841.210240311234 550 690
4743.873415225627 2909.8734152256266 44363340.0 1 833.118066813996 550 725
4743.818467489144 2909.818467489144 44363355.0 1 830.5011615260524 540 758
4744.086474508436 2910.086474508437 44363370.0 1 847.8593411958329 540 763
4744.619014250489 2914.1190142504897 44363385.0 1 833.2401050887197 540 753
4745.299999999874 2914.7999999998747 44363400.0 1 846.6324225233045 540 759
4745.9809857495975 2915.4809857495975 44363415.0 1 851.615114726334 530 762
4746.51352549162 2916.0135254916204 44363430.0 1 850.5548253731847 530 770
4746.78153251087 2916.281532510871 44363445.0 1 844.7384874544576 530 774
4746.72658477445 2916.22658477445 44363460.0 1 839.2348425708977 520 780
4746.360660171965 2915.860660171965 44363475.0 1 840.3827577959619 520 780
4745.763525491704 2915.2635254917045 44363490.0 1 845.0045251185213 520 796
4739.465348302477 2880.9653483024763 44363505.0 1 834.6234500465515 530 805
4733.918322121783 2831.318322121783 44363520.0 1 832.491151445267 520 827
4727.163490213632 2731.463490213632 44363535.0 1 834.8254885143308 520 863
4727.0 2587.1 44363550.0 1 834.5345735381222 520 911
4727.163490213746 2413.663490213746 44363565.0 1 833.8364351079421 520 958
4717.118322121703 2115.9183221217027 44363580.0 1 816.7486022680323 530 961
4733.865348302378 1796.6653483023786 44363595.0 1 827.5149936812335 530 970
4754.16352549161 1463.4635254916107 44363610.0 1 815.0568694476549 540 980
4772.960660171648 1228.860660171648 44363625.0 1 817.1864014519757 550 979
4789.42658477442 1056.3265847744199 44363640.0 1 810.7661276152726 550 979
4799.981532510941 925.4815325109412 44363655.0 1 791.5371764718773 570 985
4805.313525491679 837.013525491679 44363670.0 1 789.6840780346727 570 990
4804.780985749686 792.3809857496859 44363685.0 1 777.9657601693502 590 994
4807.600000000322 777.7000000003229 44363700.0 1 754.1584489719381 600 999
4806.919014250578 777.0190142505783 44363715.0 1 749.0877823152701 600 1006
4806.386474508495 770.8864745084952 44363730.0 1 731.5610607063635 610 1018
4806.118467489105 770.618467489105 44363745.0 1 713.7099945633267 630 1023
4806.173415225596 770.6734152255963 44363760.0 1 702.0935719548204 630 1023
4806.539339828141 766.8393398281421 44363775.0 1 682.0806610972544 640 1023
4807.136474508439 767.4364745084393 44363790.0 1 660.2029625125684 650 1023
4807.834651697328 764.6346516973282 44363805.0 1 653.0803601265956 660 1023
4808.481677878339 765.2816778783395 44363820.0 1 635.1498137213947 660 1023
4808.936509786277 765.7365097862779 44363835.0 1 609.486738565446 670 1023
4809.099999999999 762.4 44363850.0 1 598.7667630647917 670 981
4808.936509786343 762.2365097863437 44363865.0 1 585.9489683701623 670 736
