84
2054.4858192987954 3975.9858192987954 46913662.5 0 930.9530301587477 710 439
2054.074172072732 3975.574172072732 46913677.5 1 880.1132248871758 770 420
2101.050168045977 4096.0501680459765 46913692.5 1 815.8246874559693 830 433
2179.4498319543 4296.9498319543 46913707.5 1 817.7220296421599 800 422
2250.9258279274845 4337.625827927484 46913722.5 1 806.9606453227183 800 415
2328.9141807011797 4347.714180701179 46913737.5 1 807.4325416194752 800 423
2411.4046239993922 4337.804623999392 46913752.5 1 809.3440672246775 800 439
2478.1210397534755 4321.921039753476 46913767.5 1 817.217144036675 800 491
2531.116252153033 4286.016252153034 46913782.5 1 815.1933657440842 800 561
2574.482311356298 4236.982311356297 46913797.5 1 815.416139237261 800 613
2613.674025148549 4102.5740251485495 46913812.5 1 806.9096792927055 800 638
2641.5406089482467 3884.0406089482467 46913827.5 1 801.0777202521815 800 650
2660.7585548805673 3608.5585548805675 46913842.5 1 813.2329057860175 800 649
2671.2585548805987 3352.3585548805986 46913857.5 1 816.008777883579 800 661
2670.9406089485606 3093.0406089485605 46913872.5 1 808.142075054072 800 662
2664.7740251486725 2925.1740251486726 46913887.5 1 809.3459287172393 800 662
2659.182311356779 2820.182311356779 46913902.5 1 809.9366943670617 790 631
2655.0162521528496 2771.21625215285 46913917.5 1 793.2489881268723 770 465
2258.078960246627 3080.578960246627 46914067.5 0 792.6616122615724 580 584
2334.583747847135 3035.983747847135 46914082.5 1 781.8553284038279 560 599
2333.9176886435507 3138.9176886435507 46914097.5 1 785.9701206572714 540 595
2393.425974851311 3189.3259748513105 46914112.5 1 784.2080681056892 520 599
2530.059391051654 3204.159391051654 46914127.5 1 791.8751787665764 510 600
2716.641445119397 3225.541445119397 46914142.5 1 775.7816767491403 510 606
2836.3414451194362 3215.7414451194363 46914157.5 1 771.9882206480878 510 606
2905.2593910515375 3185.9593910515378 46914172.5 1 794.057920258236 500 609
2940.125974851467 3111.625974851467 46914187.5 1 790.9318510562057 500 611
2912.8176886433716 2967.4176886433715 46914202.5 1 794.6733463456848 500 603
2860.283747846982 2776.9837478469817 46914217.5 1 783.9485269714593 510 594
2790.778960246533 2569.578960246533 46914232.5 1 778.9499756325854 510 603
2732.895376000581 2384.9953760005815 46914247.5 1 793.5381074713599 510 636
2697.785819298813 2286.885819298813 46914262.5 1 770.2841057988011 520 693
2677.074172072767 2238.8741720727667 46914277.5 1 777.2667592090927 520 733
2681.3501680456825 2238.250168045682 46914292.5 1 772.7532105643505 530 767
2716.3498319543446 2237.5498319543444 46914307.5 1 781.8025652405528 530 787
2772.4258279275195 2236.9258279275195 46914322.5 1 780.2069478054902 530 788
2895.9141807011974 2286.2141807011976 46914337.5 1 774.2577756561195 530 791
3072.204623999389 2370.104623999389 46914352.5 1 776.6552912380033 530 700
3283.1210397534514 2478.8210397534517 46914367.5 1 776.616895338195 540 346
4598.718928027835 3983.4189280278347 46914594.0 0 889.576458216338 510 625
4605.718486658886 4162.6184866588865 46914609.0 1 877.3077464170073 500 659
4591.626820658844 4279.426820658844 46914624.0 1 900.0197811409499 480 656
4580.811321153446 4307.111321153447 46914639.0 1 907.8974404455663 470 659
4601.188172051951 4223.188172051951 46914654.0 1 908.3066271700094 460 663
4641.540620861456 4064.7406208614557 46914669.0 1 913.6448401183644 460 679
4652.2226305111235 3830.4226305111233 46914684.0 1 919.246163831929 460 690
4645.24711613882 3532.9471161388205 46914699.0 1 923.6627751120141 460 690
4625.6613310627345 3194.161331062735 46914714.0 1 918.0589815663976 470 699
4599.214767481423 2957.0147674814234 46914729.0 1 905.6534417378712 480 700
4566.726569123947 2824.426569123947 46914744.0 1 907.6994736063003 480 694
4531.059559471456 2762.1595594714554 46914759.0 1 890.892468751437 490 702
4488.706547058634 2750.6065470586345 46914774.0 1 895.7263794422196 500 642
4443.791893119417 2777.0918931194174 46914789.0 1 878.9709127118668 500 417
4396.887999850232 2828.8879998502316 46914804.0 1 871.0551678672134 510 68
4398.014460020118 2830.0144600201183 46914834.0 0 851.4599417903981 520 51
4403.099259840544 3534.3992598405443 46914849.0 1 850.5158075099215 520 218
4497.457240578705 3895.4572405787058 46914864.0 1 847.6114191342436 520 348
4629.319360580403 4193.919360580403 46914879.0 1 835.4407399736049 530 455
4786.881071972016 4451.581071972016 46914894.0 1 853.2435158356134 530 533
4917.081513340968 4690.9815133409675 46914909.0 1 853.9891997936365 540 575
5025.6731793413 4785.5731793413 46914924.0 1 860.4726295633113 540 609
5119.78867884662 4785.18867884662 46914939.0 1 865.7204572615932 540 669
5198.811827948022 4697.611827948022 46914954.0 1 872.382100964079 540 763
5259.259379138432 4474.559379138432 46914969.0 1 872.8400765011598 530 802
5307.377369488703 4160.077369488704 46914984.0 1 881.5326020262846 530 817
5352.15288386133 3715.5528838613304 46914999.0 1 876.8915709513055 530 822
5394.838668937402 3280.138668937402 46915014.0 1 893.4481931641943 530 828
5435.985232518668 2851.585232518669 46915029.0 1 898.217954990459 530 824
5480.37343087608 2557.1734308760806 46915044.0 1 898.7804520400481 520 825
5493.640440528502 2410.140440528502 46915059.0 1 909.973652835473 530 832
5485.593452941262 2360.7934529412614 46915074.0 1 914.1217882037033 530 777
5426.90810688044 2330.1081068804397 46915089.0 1 911.1752376040938 540 591
4055.5184866591776 2811.6184866591775 46915209.0 0 861.0624138604895 560 700
4204.526820658811 2956.4268206588104 46915224.0 1 865.553365021247 560 768
4293.111321153431 3241.011321153431 46915239.0 1 865.9998472918542 550 821
4564.788172051957 3460.1881720519577 46915254.0 1 852.9796655943087 550 827
4888.640620861482 3583.1406208614817 46915269.0 1 860.4246178788981 550 837
5247.922630511163 3642.822630511164 46915284.0 1 842.9528028426988 550 828
5574.847116138866 3707.2471161388667 46915299.0 1 848.6255323132535 540 788
5785.561331062777 3714.9613310627765 46915314.0 1 854.6076124566068 530 561
5179.947041363581 4143.247041363581 46915435.5 0 881.4373348869271 530 822
4966.599814948722 3929.1998149487226 46915450.5 1 898.696936255946 530 748
4860.025648445255 3850.6256484452542 46915465.5 1 905.9635375181094 520 749
4804.262507878186 3834.7625078781853 46915480.5 1 906.4127492254632 510 636
