121
3799.7918931195723 3593.991893119572 44179311.0 0 772.4642134760062 370 546
3760.7065470589864 3647.3065470589863 44179326.0 1 783.5288289409427 390 548
3760.3595594715016 3711.3595594715016 44179341.0 1 786.7684060106875 410 548
3760.326569123916 3725.326569123916 44179356.0 1 794.0643235819379 430 554
3769.0147674813225 3705.314767481322 44179371.0 1 806.1478789670384 440 602
3775.861331062585 3674.361331062585 44179386.0 1 811.2185869376447 460 655
3794.747116138307 3565.847116138307 44179401.0 1 798.1601602808491 470 666
3813.6226305109785 3404.822630510979 44179416.0 1 812.8412050486766 470 700
3823.2406208613634 3191.1406208613635 44179431.0 1 807.8680806909972 490 690
3823.4881720519747 2943.588172051975 44179446.0 1 808.4984080810879 490 691
3838.1113211533843 2672.6113211533843 44179461.0 1 798.3017050677871 490 700
3851.026820658964 2462.926820658964 44179476.0 1 794.3276485457575 500 702
3864.4184866590444 2316.018486659045 44179491.0 1 784.914386735965 500 697
3870.7189280279963 2211.7189280279968 44179506.0 1 781.2675801487486 510 697
3870.080639419607 2192.1806394196074 44179521.0 1 774.7442697981279 510 700
3869.6427594212996 2187.5427594212997 44179536.0 1 768.7951852297351 520 716
3869.5007401594435 2192.3007401594436 44179551.0 1 760.025100928091 520 681
3861.985539979875 2219.0855399798747 44179566.0 1 754.8701948004572 520 641
3846.3568749332135 2337.1568749332137 44179581.0 1 751.1001483923836 530 527
3832.312000149408 2515.6120001494082 44179596.0 1 738.9123218905941 530 215
3823.2081068802413 2751.5081068802415 44179611.0 1 747.0058498682633 530 51
3823.7934529408776 3004.093452940878 44179626.0 1 746.2814075326352 530 98
3843.0404405285403 3266.9404405285404 44179641.0 1 763.0993835348511 530 292
3879.4734308760544 3457.3734308760545 44179656.0 1 760.8322624565382 530 367
3921.8852325185844 3565.5852325185842 44179671.0 1 774.5010043559762 530 415
3957.738668937277 3618.938668937277 44179686.0 1 753.9726667540368 530 440
3989.2528838615412 3638.5528838615414 44179701.0 1 765.5777525831728 530 468
4032.677369488888 3633.677369488888 44179716.0 1 767.4512356896137 530 494
4079.7593791385507 3612.159379138551 44179731.0 1 766.6258816134603 530 522
4127.8118279480495 3548.9118279480494 44179746.0 1 773.9193501604542 520 584
4175.488678846548 3441.8886788465484 44179761.0 1 783.1005457738044 530 586
4215.773179340892 3305.0731793408913 44179776.0 1 799.6812998578471 520 592
4233.881513340765 3190.181513340765 44179791.0 1 781.9814556262442 520 585
4234.581071971809 3088.6810719718087 44179806.0 1 787.7183083319203 520 589
4212.819360580512 2995.519360580512 44179821.0 1 795.4654990776548 520 595
4174.757240578764 2929.4572405787644 44179836.0 1 807.2591306448162 520 594
4127.299259840552 2889.699259840551 44179851.0 1 800.7466724125765 520 574
4072.5144600200515 2867.8144600200517 44179866.0 1 815.8025069797393 520 561
4016.043125066661 2867.3431250666613 44179881.0 1 806.4777030045758 520 527
3958.6879998504405 2893.9879998504407 44179896.0 1 804.5559635133342 520 489
3915.291893119616 2932.491893119616 44179911.0 1 800.4857170411938 520 504
3895.806547059018 2964.1065470590183 44179926.0 1 801.0106580849762 520 509
3891.9595594715142 2967.9595594715142 44179941.0 1 802.5355563306586 530 533
3904.5265691239074 2953.9265691239075 44179956.0 1 796.3060503465794 530 569
3944.0147674812943 2901.714767481294 44179971.0 1 796.0043741916237 530 638
4001.961331062544 2819.661331062544 44179986.0 1 795.0595464125969 530 663
4077.54711613826 2718.1471161382606 44180001.0 1 799.6883619149468 530 694
4150.322630511244 2608.2226305112445 44180016.0 1 790.7029257629735 540 713
4220.840620861533 2509.340620861534 44180031.0 1 782.294621027133 540 722
4314.8881720519685 2445.188172051969 44180046.0 1 778.053857088835 540 722
4389.711321153399 2400.3113211533996 44180061.0 1 788.6777687226528 540 721
4450.926820658998 2378.9268206589977 44180076.0 1 775.9388837423065 540 716
4505.618486659089 2367.1184866590893 44180091.0 1 782.1408865870858 540 708
4549.018928028042 2361.518928028042 44180106.0 1 777.6326038741972 530 664
4585.480639419644 2365.7806394196436 44180121.0 1 773.7905704415247 550 474
4682.358554880606 3275.358554880606 44180257.5 0 783.0737106305293 550 823
4728.24060894858 3185.440608948581 44180272.5 1 781.9529214741847 550 721
4743.074025148701 3149.1740251487013 44180287.5 1 781.7801285492554 550 721
4748.6823113564615 3136.582311356462 44180302.5 1 792.6243447038878 550 720
4764.816252153174 3107.216252153174 44180317.5 1 802.8267918470906 540 681
4782.521039753561 3066.821039753562 44180332.5 1 794.2780052251943 540 142
4726.278960246644 2843.9789602466435 44180467.5 0 815.5079127519488 540 794
4720.183747847162 2758.0837478471612 44180482.5 1 811.115760927814 540 797
4712.51768864393 2720.3176886439305 44180497.5 1 814.7433805543523 540 797
4711.825974851662 2681.1259748516622 44180512.5 1 814.8034549794115 540 821
4711.259391051674 2635.0593910516745 44180527.5 1 813.9860638974847 540 830
4710.941445119403 2582.941445119404 44180542.5 1 816.8964030919791 540 817
4720.041445119429 2526.941445119429 44180557.5 1 809.1033755388211 540 824
4731.559391051517 2476.159391051517 44180572.5 1 805.39485857166 550 811
4745.425974851439 2438.2259748514384 44180587.5 1 803.4265488933215 550 746
4762.217688643688 2408.8176886436886 44180602.5 1 799.1789138563073 540 537
5156.804623999413 2953.204623999414 44180752.5 0 780.1001801314233 550 658
5157.021039753435 2953.4210397534353 44180767.5 1 780.4919253919503 550 673
5157.516252152966 2953.9162521529674 44180782.5 1 786.1996947069198 550 690
5158.1823113562195 2954.5823113562205 44180797.5 1 781.1395617376985 560 736
5150.474025148477 2931.4740251484773 44180812.5 1 789.6468659714243 560 793
5130.740608948423 2881.6406089484235 44180827.5 1 784.748484668152 550 817
5099.558554880549 2781.8585548805495 44180842.5 1 780.7512276580314 550 827
5065.258554880616 2688.058554880617 44180857.5 1 793.1094268274107 550 828
5055.140608948611 2598.1406089486113 44180872.5 1 794.3704871397282 550 827
5060.174025148744 2555.574025148744 44180887.5 1 790.0714956846186 550 830
5092.382311356509 2529.682311356508 44180902.5 1 789.2478072558125 550 837
5156.116252152915 2515.716252152916 44180917.5 1 790.191898373235 550 831
5241.721039753404 2530.6210397534037 44180932.5 1 794.2807058216969 550 825
5347.904623999409 2568.9046239994086 44180947.5 1 790.5179751059551 550 824
5456.514180701232 2623.614180701233 44180962.5 1 780.7453780307923 560 830
5566.12582792759 2672.3258279275897 44180977.5 1 778.1669152374832 560 822
5632.549831954095 2721.249831954095 44180992.5 1 801.2026043988956 570 817
5677.350168045772 2757.650168045772 44181007.5 1 792.9612317457015 570 829
5708.074172072305 2786.2741720723056 44181022.5 1 786.6242428786775 570 811
5725.285819298714 2820.285819298714 44181037.5 1 796.8906447130348 570 802
5720.495376000602 2853.9953760006015 44181052.5 1 789.4662402472494 570 814
5700.678960246667 2887.3789602466677 44181067.5 1 790.9418156412194 570 833
5684.0837478472 2895.283747847201 44181082.5 1 796.2772923336138 570 869
5670.817688643629 2894.6176886436283 44181097.5 1 790.5084939624958 570 860
5662.425974851382 2885.525974851382 44181112.5 1 786.5190257667983 570 872
5637.359391051478 2844.359391051478 44181127.5 1 805.1890681044565 570 878
5602.041445119415 2799.2414451194145 44181142.5 1 812.7669103042019 570 885
5578.941445119418 2748.141445119418 44181157.5 1 820.2417947289749 570 884
5579.259391051487 2693.8593910514874 44181172.5 1 818.9773494530633 570 875
5589.625974851396 2650.3259748513956 44181187.5 1 812.4402498341664 560 875
5638.617688643643 2625.8176886436427 44181202.5 1 825.8779784864277 570 882
5735.883747846915 2613.8837478469154 44181217.5 1 830.8609409372943 570 887
5864.4789602464925 2630.4789602464925 44181232.5 1 819.8667149328503 570 890
6026.395376000575 2666.395376000575 44181247.5 1 830.6407522163083 570 893
6185.185819298842 2714.5858192988426 44181262.5 1 831.8888088267212 570 894
6340.87417207256 2751.27417207256 44181277.5 1 833.2072535172459 570 902
6432.650168045757 2771.6501680457573 44181292.5 1 827.7495771916939 570 899
6476.04983195408 2781.4498319540803 44181307.5 1 831.6528091821245 570 944
6487.325827927578 2780.8258279275788 44181322.5 1 823.5877291183709 570 1014
6483.4141807012265 2775.514180701227 44181337.5 1 826.3120754225084 570 1023
6477.70462399941 2771.20462399941 44181352.5 1 831.4123530289716 570 1023
6470.221039753412 2767.921039753411 44181367.5 1 845.3352461818689 570 1023
6467.216252152928 2768.416252152928 44181382.5 1 830.2011732457385 570 1023
6467.882311356175 2765.582311356174 44181397.5 1 842.8283063937761 580 1023
6468.574025148435 2766.2740251484347 44181412.5 1 841.9236037263369 580 1023
6469.1406089483935 2766.8406089483938 44181427.5 1 835.7268451448034 580 1023
6469.458554880539 2767.1585548805388 44181442.5 1 840.2457279546875 580 1023
6475.758554880627 2770.658554880628 44181457.5 1 840.1858478808754 580 1023
6475.440608948414 2770.3406089484142 44181472.5 1 843.8380832751599 580 974
6478.374025148463 2769.774025148464 44181487.5 1 863.5072012494976 570 521
