168
2640.0041809431864 4238.804180943186 41476693.5 0 705.4129903574781 660 405
2670.8041904250927 4285.004190425093 41476708.5 1 712.1535456302364 660 546
2656.8904812296832 4302.590481229683 41476723.5 1 702.754743683602 630 540
2613.0968339538144 4325.996833953814 41476738.5 1 699.7205091905432 600 543
2632.609058566811 4330.109058566811 41476753.5 1 695.5157502991345 560 548
2672.046288957787 4321.246288957787 41476768.5 1 690.5606263287277 520 550
2725.0568119971954 4310.556811997195 41476783.5 1 693.6353341046132 520 550
2765.6293403238683 4302.129340323869 41476798.5 1 687.9940733392081 520 550
2809.7172715376305 4292.31727153763 41476813.5 1 698.1454771406078 530 545
2855.770645611106 4280.970645611106 41476828.5 1 702.4535349799144 530 521
2884.7688342159163 4259.5688342159165 41476843.5 1 707.5480166430793 540 448
2896.646836127678 4235.746836127678 41476858.5 1 714.1226172196061 540 333
2896.30944664237 4185.70944664237 41476873.5 1 720.9214968747798 550 112
2728.5 3898.2 41476950.0 0 756.7858759196582 570 144
2629.9634902136822 3792.663490213682 41476965.0 1 759.8123150057612 570 244
2604.5183221215893 3793.1183221215892 41476980.0 1 769.6045943680714 570 294
2593.2653483025856 3799.3653483025855 41476995.0 1 770.6780873839149 570 314
2600.263525491477 3815.463525491477 41477010.0 1 758.1989913922947 580 315
2627.4606601717956 3839.160660171796 41477025.0 1 757.2452566271598 580 339
2667.0265847744845 3867.5265847744845 41477040.0 1 736.0372008958718 580 348
2717.4815325109084 3880.1815325109083 41477055.0 1 736.1258818100248 580 361
2779.513525491556 3879.913525491556 41477070.0 1 720.559584716801 580 391
2848.9809857498103 3857.68098574981 41477085.0 1 720.5853579111719 580 422
2918.3000000001134 3801.7000000001135 41477100.0 1 714.1807681404063 580 435
2965.2190142503914 3724.7190142503914 41477115.0 1 708.6270689917615 580 444
2997.5864745085773 3613.5864745085773 41477130.0 1 703.1296245318639 590 444
2993.118467489127 3502.018467489127 41477145.0 1 711.5702981971954 590 446
2969.373415225553 3392.873415225553 41477160.0 1 710.8450890565206 590 442
2931.93933982829 3303.63933982829 41477175.0 1 699.5393801464169 590 455
2880.736474508306 3226.536474508306 41477190.0 1 704.3781665060625 590 466
2828.9346516975347 3155.1346516975345 41477205.0 1 702.4235130806188 590 469
2777.081677878509 3106.081677878509 41477220.0 1 706.0151725463195 590 471
2731.3365097862143 3071.536509786214 41477235.0 1 693.3864961385029 600 471
2687.3999999999996 3066.7999999999997 41477250.0 1 693.188241628122 600 474
2650.836509786407 3095.336509786407 41477265.0 1 687.6955509803224 600 466
2620.2816778785696 3146.6816778785696 41477280.0 1 688.8901362126395 600 466
2611.9346516976098 3238.4346516976098 41477295.0 1 688.4313264334623 600 468
2617.5364745087104 3336.43647450871 41477310.0 1 680.6728834798319 600 468
2665.2393398283434 3439.4393398283437 41477325.0 1 675.6298942393272 610 474
2736.973415225684 3525.1734152256845 41477340.0 1 683.8372454603773 610 473
2825.118467489115 3583.218467489115 41477355.0 1 683.1535965584743 610 496
2945.786474508533 3623.386474508533 41477370.0 1 697.8130860642306 600 507
3077.219014250324 3637.9190142503244 41477385.0 1 701.3248405904974 600 515
3215.8000000000375 3638.6000000000377 41477400.0 1 693.4987135365596 600 520
3359.2809857494317 3622.4809857494315 41477415.0 1 691.835730933175 610 512
3456.4135254915113 3602.0135254915112 41477430.0 1 703.6698280983544 610 513
3523.1815325108964 3580.5815325108965 41477445.0 1 703.6599226697117 610 515
3560.926584774508 3565.8265847745074 41477460.0 1 716.7868380094685 620 516
3578.7606601718494 3554.960660171849 41477475.0 1 717.1120933885879 620 515
3583.7635254918814 3554.3635254918813 41477490.0 1 719.9857369381904 620 515
3586.56534830266 3553.66534830266 41477505.0 1 729.5840258466313 630 522
3591.5183221216507 3564.218322121651 41477520.0 1 737.4277103465614 620 489
3609.263490213717 3630.263490213717 41477535.0 1 751.5326225375848 630 458
3634.9999999999995 3748.3999999999996 41477550.0 1 734.5879283677879 630 443
3661.7634902136615 3901.163490213661 41477565.0 1 748.1061748824812 630 449
3690.2183221215523 4040.2183221215523 41477580.0 1 746.0121961479986 640 456
3718.8653483025396 4134.665348302539 41477595.0 1 754.3469611739455 640 491
3745.4635254914333 4199.063525491433 41477610.0 1 758.173011830997 630 522
3759.3606601717634 4217.160660171763 41477625.0 1 775.8959126434105 640 533
3767.426584774362 4207.726584774363 41477640.0 1 776.25297709169 630 584
3781.4815325109153 4179.781532510916 41477655.0 1 779.6078945164307 630 627
3793.113525491583 4118.613525491583 41477670.0 1 794.0038278654921 630 642
3798.1809857498515 4030.5809857498516 41477685.0 1 794.6120178936169 630 640
3797.500000000159 3924.2000000001594 41477700.0 1 793.0422477060637 630 643
3796.8190142507437 3828.3190142507437 41477715.0 1 798.700957313514 620 643
3801.8864745083993 3771.086474508399 41477730.0 1 797.122101293283 620 646
3806.5184674890793 3740.0184674890793 41477745.0 1 800.0000298864263 620 637
3812.1734152255385 3735.1734152255385 41477760.0 1 780.9204743728365 630 637
3835.639339828257 3762.839339828257 41477775.0 1 792.4016697742022 630 600
3871.2364745082623 3813.1364745082624 41477790.0 1 794.4256187777231 630 515
3930.034651697489 3925.134651697489 41477805.0 1 780.6547116133005 630 394
3989.4816778784716 4081.8816778784712 41477820.0 1 789.7767925068687 630 291
4048.736509786193 4267.836509786193 41477835.0 1 784.4094931820522 630 307
4094.3999999999996 4446.5 41477850.0 1 787.218424782031 630 393
4130.636509786428 4549.936509786427 41477865.0 1 786.4498762367166 630 439
4140.681677878608 4603.381677878608 41477880.0 1 787.2626621687134 630 463
4143.534651697655 4599.234651697655 41477895.0 1 795.7295950753725 630 515
4142.836474508423 4558.636474508422 41477910.0 1 794.4761602043643 630 625
4159.0393398281285 4494.339339828129 41477925.0 1 801.0121262832788 630 693
4169.17341522559 4309.87341522559 41477940.0 1 796.8433545198258 630 722
4174.018467489108 3989.9184674891076 41477955.0 1 806.2748619613797 640 728
4174.286474508506 3579.2864745085058 41477970.0 1 802.8771572628541 640 733
4186.719014250283 3136.7190142502827 41477985.0 1 809.9886898600774 640 721
4204.899999999991 2777.5999999999917 41478000.0 1 812.5649270732805 640 733
4216.78098574939 2474.4809857493906 41478015.0 1 811.4215076461281 650 721
4225.013525491485 2271.313525491484 41478030.0 1 799.3453272688205 660 722
4225.2815325108895 2097.281532510889 41478045.0 1 796.9676258210179 660 636
4225.226584774522 1942.5265847745222 41478060.0 1 804.693523847512 670 184
5623.508032202009 4915.808032202009 41479923.0 0 818.6779603900254 530 379
5643.4053352711235 4954.605335271124 41479938.0 1 819.9455908225552 530 428
5588.706657053084 4959.406657053084 41479953.0 1 821.0987092848983 530 439
5549.033508111743 4954.7335081117435 41479968.0 1 822.2978794045547 520 442
5490.036437876465 4829.236437876466 41479983.0 1 824.3070500949508 520 466
5417.205814220575 4661.205814220575 41479998.0 1 826.8864284347661 530 490
5315.695721835935 4464.495721835935 41480013.0 1 827.3392247351126 530 496
5230.855769864001 4273.955769864001 41480028.0 1 826.1975466407335 530 498
5156.263875142877 4132.163875142877 41480043.0 1 817.4354270565321 540 492
5103.052874741787 4023.652874741787 41480058.0 1 825.6011328047977 550 498
5078.225166604622 3989.7251666046222 41480073.0 1 818.3536633309732 560 468
5072.052186828846 3979.352186828846 41480088.0 1 813.8059584514384 570 399
5076.258837530064 3984.9588375300646 41480103.0 1 811.8826184970993 580 168
5243.499369661989 4304.099369661989 41480179.5 0 792.0103085387098 610 103
5337.942106349319 4412.542106349319 41480194.5 1 792.0027588625727 610 222
5382.741060487701 4424.441060487702 41480209.5 1 795.9659482590719 610 297
5407.143869194608 4390.743869194608 41480224.5 1 794.305858722881 610 364
5425.019128038264 4327.419128038265 41480239.5 1 794.5165198165531 610 399
5439.085035486548 4197.985035486548 41480254.5 1 771.1727496427005 620 402
5438.827224576167 4064.0272245761676 41480269.5 1 779.6445479770578 620 409
5438.301894721338 3927.001894721338 41480284.5 1 784.1254544157928 620 407
5443.9235609761445 3833.2235609761447 41480299.5 1 776.8149443089635 620 404
5453.740091245274 3782.140091245274 41480314.5 1 778.5886818964441 620 399
5477.700473012241 3759.9004730122406 41480329.5 1 783.9354666373605 620 359
5510.3223360107995 3755.4223360108 41480344.5 1 787.6422402957185 620 103
5896.899814948721 4390.499814948721 41480449.5 0 773.3354685841418 640 374
6101.847041363636 4652.847041363636 41480464.5 1 777.0701478900189 640 473
6141.30063033789 4714.00063033789 41480479.5 1 773.9077236636468 640 494
6129.457893650531 4702.857893650531 41480494.5 1 775.766884154542 650 533
6128.758939512152 4644.058939512152 41480509.5 1 777.8854347594515 650 554
6101.556130805282 4511.156130805282 41480524.5 1 786.3072977193788 650 563
6054.2808719618 4374.2808719618 41480539.5 1 789.3021116010344 640 574
5995.414964513423 4233.514964513423 41480554.5 1 800.6532471309276 650 574
5940.372775423718 4092.3727754237184 41480569.5 1 804.0044626458331 650 569
5886.998105278487 3993.498105278487 41480584.5 1 815.7487811644569 640 570
5856.876439023657 3947.276439023657 41480599.5 1 808.3036006368144 640 556
5835.859908754862 3935.3599087548614 41480614.5 1 804.3830261559369 640 468
5820.999526987849 3939.39952698785 41480629.5 1 821.4280823131888 640 315
5807.977663989225 3975.3776639892253 41480644.5 1 817.9437469168511 640 180
5797.433689522176 4032.0336895221753 41480659.5 1 807.3302270557892 650 85
5777.588648152031 4236.888648152031 41480704.5 0 790.9551601423843 640 3
5783.237492122077 4467.937492122077 41480719.5 1 798.8033067242903 640 130
5798.874351554896 4524.874351554896 41480734.5 1 799.5285576504995 640 200
5821.100185051282 4550.600185051282 41480749.5 1 789.5315338183796 640 274
5854.152958636277 4529.752958636276 41480764.5 1 795.4758469305481 640 376
5890.2993696619515 4481.199369661951 41480779.5 1 804.589318299737 640 468
5942.042106349618 4414.642106349618 41480794.5 1 794.2913802739216 630 526
6002.2410604879915 4344.641060487992 41480809.5 1 796.9792438831622 630 572
6080.543869194827 4276.643869194826 41480824.5 1 797.7542065245538 630 630
6183.119128038249 4232.919128038249 41480839.5 1 803.2474773309748 630 668
6301.485035486556 4204.985035486556 41480854.5 1 810.6796563503156 630 678
6412.5272245761935 4193.527224576194 41480869.5 1 816.363682680767 630 675
6523.301894721379 4193.001894721379 41480884.5 1 813.7450736233575 630 664
6630.423560976191 4205.623560976191 41480899.5 1 831.2177967279194 630 640
6696.940091245316 4218.940091245316 41480914.5 1 826.2990645694134 630 589
6739.100473012268 4230.300473012268 41480929.5 1 823.9423083481319 630 516
6752.122336010808 4236.322336010809 41480944.5 1 833.5294473278718 630 280
5414.691893119863 3503.691893119863 41481111.0 0 792.9532253207141 650 543
5260.806547058959 3372.206547058959 41481126.0 1 783.9803289471672 650 567
5207.25955947149 3377.45955947149 41481141.0 1 779.4336476262075 650 556
5229.626569123923 3383.726569123924 41481156.0 1 764.7471802754841 650 561
5332.1147674813465 3395.214767481347 41481171.0 1 755.4693050469921 640 570
5488.061331062622 3430.761331062622 41481186.0 1 763.8771091652895 640 565
5647.647116138695 3478.347116138696 41481201.0 1 750.9242522832162 650 570
5805.122630511014 3521.7226305110144 41481216.0 1 749.9974873479075 650 566
5961.040620861386 3562.840620861386 41481231.0 1 726.738506787317 650 566
6094.988172051936 3600.1881720519364 41481246.0 1 723.252431236042 650 560
6211.811321153488 3633.011321153489 41481261.0 1 733.4807728747833 650 524
6284.926820658935 3659.9268206589345 41481276.0 1 726.6264059347222 660 414
6320.718486659341 3683.8184866593415 41481291.0 1 726.5124495497679 660 237
5937.212000149449 3991.212000149448 41481396.0 0 763.7367403847612 690 400
5843.408106880279 4009.408106880279 41481411.0 1 770.9870286116598 680 520
5792.193452941144 3958.8934529411445 41481426.0 1 778.543124533013 680 584
5757.5404405284535 3853.5404405284544 41481441.0 1 778.8285554741799 680 616
5733.773430876112 3620.4734308761126 41481456.0 1 778.0272785436806 680 611
5723.685232518774 3303.0852325187734 41481471.0 1 767.0812185914203 690 627
5726.638668937557 3005.0386689375564 41481486.0 1 772.088983935969 690 634
5737.852883861501 2713.1528838615013 41481501.0 1 758.7186800687201 690 630
5770.077369488852 2425.4773694888527 41481516.0 1 743.2024865288521 700 588
5812.959379138529 2237.3593791385283 41481531.0 1 724.8048760435047 700 427
