215
2322.144230135895 4923.3442301358955 41593728.0 0 885.4116344553194 560 1
2318.3361248570873 4941.236124857088 41593743.0 1 879.9516210378605 560 54
2318.3471252583395 4945.44712525834 41593758.0 1 892.1084375055134 560 81
2318.6748333954847 4945.774833395484 41593773.0 1 888.6224645791403 560 103
2319.2478131709795 4951.2478131709795 41593788.0 1 901.391340306995 550 146
2319.941162469749 4951.941162469749 41593803.0 1 898.3394627932398 550 156
2320.603740192369 4952.603740192369 41593818.0 1 899.4623867454093 550 180
2317.5911130405034 4953.091113040503 41593833.0 1 897.6572136560753 550 181
2317.797040092627 4953.297040092626 41593848.0 1 894.190374497129 550 217
2317.676631938577 4953.176631938577 41593863.0 1 889.2295381142834 550 235
2317.256135984905 4952.756135984904 41593878.0 1 893.4343798961535 550 247
2316.6272148623425 4952.127214862342 41593893.0 1 896.3176317888465 550 267
2315.9269651690515 4951.426965169051 41593908.0 1 882.2454575964795 550 275
2315.308032202036 4950.808032202036 41593923.0 1 900.6209862104017 550 274
2314.9053352711367 4950.405335271136 41593938.0 1 899.379506462831 550 317
2314.8066570530805 4925.80665705308 41593953.0 1 898.2262333506249 550 336
2315.0335081117246 4893.133508111724 41593968.0 1 894.4657453554065 550 361
2312.0364378764352 4829.236437876435 41593983.0 1 898.624795254072 550 393
2312.70581422054 4747.30581422054 41593998.0 1 898.4441894028995 550 418
2307.795721835903 4654.195721835902 41594013.0 1 890.3684394699694 560 430
2308.3557698639784 4533.655769863978 41594028.0 1 874.9122523317319 550 449
2308.663875142869 4389.063875142869 41594043.0 1 878.5499778484345 550 453
2308.652874741709 4228.052874741708 41594058.0 1 866.9559991248905 560 475
2312.5251666046456 4061.1251666046455 41594073.0 1 866.7622906500582 570 497
2318.252186828879 3903.052186828879 41594088.0 1 857.9711856233805 570 517
2325.2588375300993 3756.0588375300995 41594103.0 1 850.0651774661125 580 530
2332.996259807502 3604.196259807502 41594118.0 1 847.3398882218812 590 557
2337.4088869594193 3453.2088869594195 41594133.0 1 833.5228473446485 600 577
2337.202959907363 3303.902959907363 41594148.0 1 824.6262207405973 600 594
2337.3233680614826 3171.0233680614824 41594163.0 1 821.355224830131 610 617
2337.7438640152113 3044.0438640152115 41594178.0 1 808.0082510590913 620 625
2332.7727851378054 2920.7727851378054 41594193.0 1 795.7792888376218 630 638
2333.4730348307567 2819.9730348307567 41594208.0 1 789.5406622810826 630 637
2334.091967797815 2744.291967797815 41594223.0 1 763.4926105065077 640 646
2337.99466472879 2685.19466472879 41594238.0 1 749.1200956308032 650 650
2338.093342946938 2641.8933429469375 41594253.0 1 735.0317039987196 650 649
2342.766491888381 2615.066491888381 41594268.0 1 724.2493089120817 660 638
2342.263562123434 2599.863562123434 41594283.0 1 712.992177777568 660 609
2341.594185779308 2599.194185779308 41594298.0 1 700.5997108622905 660 548
2340.9042781639578 2606.9042781639578 41594313.0 1 679.2233069635175 660 443
2348.044230135925 2619.6442301359248 41594328.0 1 667.5485470751081 670 205
2336.9272148620466 3491.9272148620466 41594493.0 0 697.0163874704726 670 438
2336.2269651690963 3491.2269651690963 41594508.0 1 705.325155820698 670 499
2332.808032202071 3515.808032202071 41594523.0 1 712.8813164169543 660 498
2345.705335271154 3523.805335271154 41594538.0 1 724.8876029496149 660 489
2375.7066570530765 3523.7066570530765 41594553.0 1 728.7278311688754 660 499
2445.9335081116997 3537.9335081116997 41594568.0 1 739.3917280859973 650 538
2532.5364378763957 3560.836437876396 41594583.0 1 741.5427682467067 650 563
2629.1058142204943 3590.205814220494 41594598.0 1 750.4342307996005 650 586
2715.8957218358605 3618.1957218358607 41594613.0 1 746.4572274698702 650 588
2802.5557698639486 3644.6557698639485 41594628.0 1 745.5041437981956 650 588
2878.4638751428593 3670.863875142859 41594643.0 1 757.7948929202022 650 566
2946.3528747416335 3698.8528747416335 41594658.0 1 766.5986738943747 640 535
2997.1251666044454 3737.7251666044453 41594673.0 1 761.7544360248731 640 467
3044.8521868289217 3783.3521868289217 41594688.0 1 765.4149787322266 640 367
3089.6588375301453 3857.5588375301454 41594703.0 1 748.8121588343141 650 202
3186.1993696619234 4353.099369661923 41594779.5 0 752.4752165582306 640 267
3194.542106349583 4594.542106349582 41594794.5 1 756.1418309247143 630 397
3187.541060487958 4633.741060487958 41594809.5 1 763.2209881715482 630 448
3188.1438691948006 4634.3438691948 41594824.5 1 770.0946462628921 630 473
3188.5191280382383 4634.719128038238 41594839.5 1 772.3471353166549 620 562
3175.9850354865603 4547.98503548656 41594854.5 1 784.7178540173919 620 617
3158.2272245762147 4411.927224576215 41594869.5 1 789.6526441835224 620 647
3133.20189472141 4208.40189472141 41594884.5 1 790.5718722674053 610 662
3105.9235609762263 3939.6235609762266 41594899.5 1 797.3522569690417 620 670
3080.0400912453474 3628.1400912453473 41594914.5 1 801.5902471231639 620 673
3058.5004730122896 3339.9004730122897 41594929.5 1 793.1367957510216 620 684
3040.722336010814 3110.722336010814 41594944.5 1 797.9718075626436 620 690
3030.2663104777557 2921.066310477756 41594959.5 1 790.2936996360476 630 694
3022.92281055308 2779.3228105530798 41594974.5 1 793.6043311681659 630 687
3029.814123872765 2686.814123872765 41594989.5 1 786.2650885766402 630 656
3045.211351848083 2626.6113518480824 41595004.5 1 776.6035953714646 630 583
3074.5625078780167 2595.7625078780165 41595019.5 1 775.3659738152616 640 444
3106.525648445158 2592.025648445158 41595034.5 1 757.6477900740117 650 134
3734.4764390239247 3410.376439023925 41595199.5 0 657.8958284405669 690 467
3833.859908754788 3558.059908754788 41595214.5 1 691.4698438936107 690 543
3815.499526987801 3601.999526987801 41595229.5 1 689.4324275143232 690 572
3759.0776639892115 3629.5776639892115 41595244.5 1 697.1213461552657 690 594
3710.0336895221994 3638.6336895221993 41595259.5 1 705.0543386173944 690 631
3655.0771894468144 3638.2771894468146 41595274.5 1 725.2785503668913 690 682
3595.6858761274216 3611.7858761274215 41595289.5 1 720.8081711428597 690 727
3539.6886481521124 3560.6886481521124 41595304.5 1 741.8678700231926 690 763
3486.537492122144 3491.4374921221442 41595319.5 1 730.7652495791938 690 780
3447.574351554934 3396.474351554934 41595334.5 1 735.0847108579082 690 788
3416.6001850512835 3295.5001850512836 41595349.5 1 749.8663329325452 680 802
3400.6529586363945 3191.3529586363943 41595364.5 1 749.8675200000799 680 806
3401.099369662166 3111.2993696621656 41595379.5 1 735.6829291828869 690 802
3413.6421063495372 3058.0421063495373 41595394.5 1 741.6384159730316 690 799
3439.541060487914 3022.3410604879136 41595409.5 1 741.1773142212822 690 797
3469.5438691947675 3006.843869194767 41595424.5 1 721.5383389121959 690 793
3523.819128038223 3024.719128038223 41595439.5 1 723.4416650938175 690 750
3592.4850354865666 3065.3850354865667 41595454.5 1 704.706082365215 700 710
3679.027224576241 3154.7272245762415 41595469.5 1 702.9985730901776 700 671
3754.1018947214507 3269.701894721451 41595484.5 1 710.6945202415284 700 661
3821.3235609762723 3401.3235609762723 41595499.5 1 711.377314479164 700 665
3863.3400912453885 3473.440091245389 41595514.5 1 713.0669503383439 700 664
3890.1004730123173 3496.0004730123173 41595529.5 1 705.5027310662109 700 702
3906.6223360107624 3485.922336010762 41595544.5 1 710.0792374175016 700 760
3925.5663104778446 3452.3663104778448 41595559.5 1 706.0084121741404 700 790
3944.8228105532903 3381.3228105532903 41595574.5 1 708.6945121200628 700 803
3963.6141238727214 3284.6141238727214 41595589.5 1 703.3309250658438 700 808
3981.111351848037 3199.2113518480373 41595604.5 1 706.4565062134219 700 800
4002.762507877979 3124.262507877979 41595619.5 1 706.9370345864947 700 796
4027.0256484451365 3056.8256484451367 41595634.5 1 706.4742981762998 700 761
4055.1998149487185 3012.8998149487184 41595649.5 1 703.2701045113101 700 702
4087.247041363692 2984.747041363692 41595664.5 1 707.701039215054 700 568
4118.3006303379925 2967.5006303379923 41595679.5 1 720.6394301241826 710 142
4299.18063941964 3633.48063941964 41595921.0 0 704.5097822409975 680 662
4274.9427594213175 3665.9427594213175 41595936.0 1 713.182642718042 670 700
4238.400740159454 3694.5007401594535 41595951.0 1 729.0643099297638 670 672
4249.085539979855 3704.4855399798553 41595966.0 1 728.223315363978 670 667
4290.856874933179 3704.9568749331793 41595981.0 1 724.2744897616421 670 649
4373.4120001493675 3746.9120001493675 41595996.0 1 718.3662020855228 670 637
4447.608106880202 3786.1081068802023 41596011.0 1 718.3077700179433 670 644
4516.793452941089 3809.0934529410883 41596026.0 1 717.7215796438134 670 642
4566.840440528431 3822.7404405284315 41596041.0 1 732.6994082971181 680 644
4599.0734308761275 3803.8734308761277 41596056.0 1 749.3135198507308 670 646
4619.08523251861 3732.88523251861 41596071.0 1 743.7166270618533 670 668
4618.5386689373145 3627.338668937314 41596086.0 1 738.1305771809077 670 671
4594.052883861234 3451.6528838612335 41596101.0 1 752.9565354254811 680 671
4552.077369488924 3244.477369488924 41596116.0 1 732.7400636474102 690 670
4512.359379138574 3015.7593791385743 41596131.0 1 744.7445836664134 690 699
4474.311827948054 2792.2118279480546 41596146.0 1 730.7829516769317 690 700
4437.988678846535 2596.2886788465344 41596161.0 1 708.70593174355 700 710
4412.473179341116 2419.573179341116 41596176.0 1 719.4823149079357 700 705
4393.4815133407255 2280.881513340725 41596191.0 1 693.3169490137417 700 700
4383.681071971768 2194.781071971768 41596206.0 1 684.2026548197497 710 656
4384.3193605802035 2142.9193605802034 41596221.0 1 667.9609492276463 710 510
4391.057240578598 2133.557240578598 41596236.0 1 650.7483648092559 710 257
4489.161331062506 3243.1613310625066 41596386.0 0 576.1924932340604 710 442
4575.247116138568 3455.947116138568 41596401.0 1 598.6940693671494 710 480
4606.7226305109025 3496.522630510902 41596416.0 1 621.9497006153291 710 501
4629.640620861314 3521.5406208613144 41596431.0 1 615.5709761783628 710 544
4687.288172051964 3535.788172051964 41596446.0 1 624.4035813094315 700 588
4745.311321153414 3530.111321153414 41596461.0 1 646.4464641715821 710 638
4803.026820658773 3520.6268206587733 41596476.0 1 663.0363352787259 710 679
4846.518486659128 3493.418486659129 41596491.0 1 679.5250157452047 710 722
4882.218928028083 3456.3189280280826 41596506.0 1 694.2681699726454 710 737
4901.1806394196765 3404.5806394196766 41596521.0 1 719.5901219508347 710 758
4900.742759421337 3350.2427594213373 41596536.0 1 727.2316371105644 710 757
4883.100740159452 3290.600740159452 41596551.0 1 732.4207668033521 700 767
4853.885539979833 3233.385539979833 41596566.0 1 735.026899368605 700 765
4813.75687493314 3182.056874933141 41596581.0 1 733.1635038930946 710 762
4766.812000149322 3133.7120001493213 41596596.0 1 728.3046518174983 710 758
4729.708106880159 3095.208106880159 41596611.0 1 734.2581570611794 710 713
4707.193452941056 3074.793452941057 41596626.0 1 719.9724734447723 720 602
4693.193452941056 3066.3934529410567 41596626.0 1 711.8906249394496 720 207
4927.1789602464705 3874.3789602464713 41597632.5 0 721.8872814993684 500 548
4862.995376000599 3924.995376000599 41597647.5 1 724.200197024157 520 570
4840.485819298858 3981.585819298858 41597662.5 1 743.3460982783674 550 550
4840.074172072591 3981.1741720725913 41597677.5 1 746.2160576593751 550 544
4880.0501680461375 3988.950168046137 41597692.5 1 745.2946976004232 570 540
4959.149831954461 4008.54983195446 41597707.5 1 758.4585780069831 580 540
5063.525827927345 4035.2258279273447 41597722.5 1 751.3432264495884 590 540
5170.214180701243 4034.814180701243 41597737.5 1 766.3026667738645 600 541
5256.204623999407 4022.804623999407 41597752.5 1 741.0868036214772 600 537
5327.821039753389 3957.2210397533895 41597767.5 1 750.8764442062737 610 567
5368.216252152893 3813.516252152893 41597782.5 1 746.5438313019542 620 569
5381.482311356481 3617.4823113564817 41597797.5 1 757.8575982147537 620 569
5377.2740251483965 3359.8740251483964 41597812.5 1 734.160434301639 630 574
5357.540608948367 3116.140608948367 41597827.5 1 747.8906213017726 640 569
5334.758554880528 2881.258554880529 41597842.5 1 748.7408694901654 640 570
5310.258554880636 2676.8585548806373 41597857.5 1 734.8229554702269 650 570
5283.340608948441 2523.940608948441 41597872.5 1 726.0665196240874 660 574
5258.274025148825 2405.074025148825 41597887.5 1 710.20312986909 660 567
5240.082311356595 2346.282311356595 41597902.5 1 703.1172941963308 670 537
5228.21625215299 2319.7162521529904 41597917.5 1 691.3022617132083 670 409
5223.521039753448 2315.7210397534495 41597932.5 1 691.8054622522467 670 70
5175.1881720520105 3219.3881720520103 41598054.0 0 640.4900797424714 680 371
5254.7406208613265 3563.5406208613267 41598069.0 1 647.6283962221172 680 438
5312.322630511227 3662.4226305112275 41598084.0 1 643.757260860453 680 465
5375.34711613859 3714.94711613859 41598099.0 1 643.9534637604264 680 501
5458.661331062526 3726.161331062526 41598114.0 1 665.5853691086744 680 545
5546.314767481496 3709.514767481496 41598129.0 1 676.8365064584021 670 594
5610.426569123904 3673.5265691239038 41598144.0 1 690.4211386200711 670 639
5657.359559471422 3623.8595594714225 41598159.0 1 696.5327079090988 670 663
5674.506547058792 3565.4065470587925 41598174.0 1 710.4445220041598 680 690
5665.991893119634 3492.4918931196344 41598189.0 1 705.5020616248728 680 705
5640.087999850113 3416.887999850114 41598204.0 1 727.674808946496 670 703
5594.543125066677 3337.743125066677 41598219.0 1 727.8396486017745 670 705
5539.014460019893 3262.6144600198927 41598234.0 1 720.1003882308182 670 700
5476.199259840551 3204.699259840552 41598249.0 1 730.1735104676751 670 687
5429.157240578606 3155.5572405786074 41598264.0 1 730.4775414839339 670 617
5404.919360580497 3133.4193605804967 41598279.0 1 728.7663044743492 670 449
5395.881071971789 3132.78107197179 41598294.0 1 731.7627199133578 670 48
5596.477369488599 3861.877369488599 41598384.0 0 731.9698115100713 680 417
5782.652883861212 3986.4528838612114 41598399.0 1 735.2226579007729 670 515
5854.738668937294 4002.5386689372945 41598414.0 1 740.6055570473084 670 583
5923.8852325183825 3961.7852325183826 41598429.0 1 745.573089819377 670 619
5993.473430876124 3882.2734308761237 41598444.0 1 742.7047956377079 670 652
6057.840440528535 3800.3404405285346 41598459.0 1 753.32827633314 680 664
6117.693452941103 3717.3934529411035 41598474.0 1 758.9288891731529 680 673
6164.708106880223 3655.2081068802227 41598489.0 1 771.3170000625785 680 669
6206.012000149735 3606.912000149736 41598504.0 1 770.224898359533 680 666
6243.856874933197 3585.956874933197 41598519.0 1 773.529686020109 680 633
6291.500740159455 3595.800740159454 41598549.0 1 788.0197438764511 680 546
6343.4427594213075 3627.442759421308 41598564.0 1 804.5221185622464 690 423
6400.580639419347 3690.180639419347 41598579.0 1 806.4464261245535 690 310
6444.618928028016 3772.0189280280156 41598594.0 1 814.1400743889202 690 289
6480.318486658728 3866.5184866587283 41598609.0 1 816.4419558723299 690 324
6510.326820658978 3956.7268206589783 41598624.0 1 818.7616621402676 690 425
6524.011321153509 3996.3113211535087 41598639.0 1 809.2651937365824 690 522
6524.088172051972 4001.288172051972 41598654.0 1 816.4521289989455 690 570
6509.840620861352 3981.4406208613527 41598669.0 1 824.8061015523947 700 641
6457.522630511267 3862.6226305112677 41598684.0 1 818.0919898644376 700 697
6381.947116138636 3677.847116138636 41598699.0 1 815.9363264397751 700 731
6290.247116138637 3406.247116138636 41598699.0 1 809.521374263419 710 742
6197.861331062568 3073.061331062568 41598714.0 1 806.981458382702 710 760
6105.614767481524 2700.1147674815243 41598729.0 1 813.2619763024047 710 760
6042.326569123912 2373.6265691239128 41598744.0 1 797.040126167179 710 773
5982.859559471409 2093.6595594714095 41598759.0 1 775.3968068877609 720 774
5931.406547058761 1844.106547058761 41598774.0 1 761.4841552842438 720 770
5881.59189311959 1669.6918931195908 41598789.0 1 749.1396767153697 730 742
5832.587999850068 1548.587999850068 41598804.0 1 721.4220346688778 730 647
5801.743125066928 1463.843125066928 41598819.0 1 716.0948364356112 730 384
