400
2736.8353985333183 5448.635398533318 61681903.5 0 815.0390553058025 430 66
2731.2764657731627 5472.476465773162 61681918.5 1 812.6507693025825 430 108
2719.5970527283816 5485.997052728381 61681933.5 1 832.1325837702879 430 120
2719.401665187572 5490.001665187572 61681948.5 1 826.0866456786482 430 122
2719.5328950849625 5490.132895084963 61681963.5 1 828.4684572268135 440 125
2719.9621360154247 5490.5621360154255 61681978.5 1 832.3136070565942 440 130
2720.5958190566434 5487.695819056644 61681993.5 1 836.3306673881495 440 163
2729.6958095750765 5471.595809575077 61682008.5 1 829.2440307393516 440 218
2742.209518770188 5446.309518770187 61682023.5 1 821.1800517286516 450 256
2759.403166046248 5393.503166046247 61682038.5 1 831.9280153790477 450 284
2781.1909414331694 5308.890941433169 61682053.5 1 839.6978667518048 460 289
2814.5537110421155 5203.653711042116 61682068.5 1 841.2396230857432 460 314
2855.3431880026515 5068.043188002651 61682083.5 1 843.4931092232646 460 341
2898.070659676305 4897.970659676304 61682098.5 1 842.3319276815793 470 359
2941.482728462209 4704.782728462209 61682113.5 1 858.9599560929951 470 361
2970.329354389002 4506.829354389002 61682128.5 1 849.0833091079459 470 379
2988.931165784118 4284.631165784118 61682143.5 1 838.8130423786322 480 392
2988.953163872276 4045.953163872276 61682158.5 1 844.9705069585265 480 415
2964.090553357278 3853.790553357278 61682173.5 1 833.8135649754308 480 439
2919.8697877340833 3654.1697877340835 61682188.5 1 824.1400355579815 490 461
2859.664601466832 3449.764601466832 61682203.5 1 827.8824099092963 490 485
2791.7235342269632 3269.8235342269636 61682218.5 1 821.9163074332407 500 496
2718.002947271693 3109.302947271693 61682233.5 1 808.4513463352633 500 510
2644.698334812435 2961.098334812435 61682248.5 1 815.7908492673517 510 522
2570.367104914975 2813.2671049149744 61682263.5 1 808.0672888065661 510 513
2494.3378639844564 2686.1378639844565 61682278.5 1 800.5965705459176 520 522
2444.7041809432076 2572.1041809432077 61682293.5 1 782.2850479095747 520 512
2412.504190425114 2509.104190425114 61682308.5 1 787.2932600471021 530 517
2391.590481229958 2469.290481229958 61682323.5 1 771.6126062008585 530 477
2386.996833953822 2445.096833953822 61682338.5 1 757.5183986362233 540 364
2386.9090585668087 2441.509058566809 61682353.5 1 741.5278401608547 540 217
3326.7393398282743 5269.939339828275 61682775.0 0 850.8954449004209 440 232
3230.0364745082857 5131.236474508285 61682790.0 1 853.5299023619779 440 272
3196.4346516975133 5203.3346516975125 61682805.0 1 850.897362818346 450 270
3201.281677878208 5222.881677878208 61682820.0 1 844.2583823224152 450 284
3229.736509786204 5207.936509786204 61682835.0 1 842.207920241299 450 304
3355.8999999999996 5244.5 61682850.0 1 837.2709203439621 450 369
3533.536509786417 5316.4365097864165 61682865.0 1 843.0239849055082 450 399
3745.1816778785874 5412.5816778785875 61682880.0 1 843.5929705407179 450 417
3991.634651697976 5489.634651697976 61682895.0 1 846.5638239376273 450 415
4223.336474508399 5566.636474508398 61682910.0 1 853.5299847946376 450 420
4445.339339828111 5618.539339828111 61682925.0 1 829.3578955655092 460 418
4655.673415225583 5655.273415225583 61682940.0 1 845.0511041461152 460 420
4826.418467489111 5674.118467489111 61682955.0 1 864.0071708998188 460 420
4970.186474508315 5679.286474508315 61682970.0 1 868.6630539939267 470 427
5072.919014250304 5675.619014250304 61682985.0 1 870.7142237512802 470 425
5144.300000000016 5656.000000000016 61683000.0 1 870.1682118677471 480 431
5195.3809857494125 5613.980985749412 61683015.0 1 877.8591731957624 490 441
5223.913525491498 5557.113525491498 61683030.0 1 879.8366792208071 490 472
5245.181532510838 5455.881532510838 61683045.0 1 882.5268323163834 490 516
5261.926584774515 5292.026584774514 61683060.0 1 887.5350692051508 500 570
5270.660660171865 5087.260660171865 61683075.0 1 901.6793777917982 500 588
5280.563525491902 4818.563525491902 61683090.0 1 897.6441295466763 500 622
5293.1653483023365 4537.1653483023365 61683105.0 1 907.27934212172 500 647
5308.618322121669 4246.718322121668 61683120.0 1 898.0363470721785 510 676
5315.863490213726 3928.4634902137263 61683135.0 1 899.549037780113 510 711
5315.7 3612.6 61683150.0 1 894.7273372228226 520 733
5320.063490213651 3298.4634902136513 61683165.0 1 891.7261264153385 530 761
5325.418322121534 3035.0183221215343 61683180.0 1 891.2202734651078 530 784
5326.065348302172 2768.965348302173 61683195.0 1 877.0771870563178 550 790
5326.763525491412 2501.5635254914127 61683210.0 1 869.9019329769465 550 812
5327.360660171747 2312.460660171748 61683225.0 1 863.9588726288496 560 815
5311.626584774355 2142.726584774355 61683240.0 1 861.8718728732382 560 821
5287.181532510919 1985.281532510919 61683255.0 1 838.2851088941775 580 829
5265.213525491801 1867.413525491801 61683270.0 1 828.5642952673724 580 832
5240.18098574956 1787.7809857495602 61683285.0 1 837.171423119741 590 832
5213.599999999832 1733.1999999998322 61683300.0 1 814.9495731647827 600 829
5196.119014250452 1698.9190142504524 61683315.0 1 808.1802451158413 600 802
5180.886474508412 1687.1864745084122 61683330.0 1 795.2109988758293 610 727
5169.418467489138 1690.4184674891376 61683345.0 1 789.1672900679371 610 533
3735.818467489104 4274.8184674891045 61683555.0 0 774.1094694152129 590 655
3759.886474508288 4401.086474508287 61683570.0 1 773.7488729342729 590 613
3698.819014250263 4546.519014250263 61683585.0 1 782.6786609852036 580 624
3665.19999999997 4621.39999999997 61683600.0 1 793.6400081735582 570 614
3650.480985749371 4648.680985749372 61683615.0 1 812.123869357071 550 617
3699.3135254914714 4656.213525491471 61683630.0 1 817.9416601428918 540 622
3814.381532510831 4689.381532510831 61683645.0 1 827.7572173598016 520 624
3973.9265847744205 4740.426584774421 61683660.0 1 820.2333009936035 520 624
4145.760660171651 4784.16066017165 61683675.0 1 832.0994074375222 510 625
4266.263525491615 4803.163525491615 61683690.0 1 829.0299805294885 510 619
4353.065348302382 4805.965348302382 61683705.0 1 833.2828456439744 500 606
4407.018322121706 4784.318322121706 61683720.0 1 857.740995779987 490 565
4419.1634902137475 4759.363490213747 61683735.0 1 852.613122784276 490 521
4403.599999999999 4706.0 61683750.0 1 861.4725356685166 490 501
4337.26349021363 4636.16349021363 61683765.0 1 864.575702366808 490 498
4256.5183221214975 4540.718322121497 61683780.0 1 867.1590377178361 490 496
4166.865348302127 4444.765348302128 61683795.0 1 864.1444283952625 490 488
4084.9635254913683 4367.7635254913685 61683810.0 1 870.156105179551 500 496
4000.2094466425083 4304.709446642508 61683826.5 1 861.7520692205089 500 510
3942.4468361276395 4254.64683612764 61683841.5 1 869.1220950167462 500 519
3903.968834215945 4217.568834215946 61683856.5 1 867.7815357376228 500 522
3893.1706456109773 4189.970645610978 61683871.5 1 880.2200130468535 500 515
3901.01727153808 4184.5172715380795 61683886.5 1 866.1873106236436 500 533
3922.029340324012 4189.429340324013 61683901.5 1 872.1029906537243 500 544
3987.1568119976237 4202.056811997624 61683916.5 1 869.4440946221356 500 540
4090.946288958058 4263.846288958058 61683931.5 1 876.3939283043654 500 540
4220.909058566826 4360.209058566827 61683946.5 1 869.9222833077681 500 530
4339.29683395364 4480.69683395364 61683961.5 1 864.3698402402031 490 501
4412.490481229577 4581.190481229577 61683976.5 1 865.3969719046809 490 435
4455.804190424617 4653.904190424617 61683991.5 1 865.9301299650919 490 351
4452.304180943045 4707.804180943045 61684006.5 1 860.7349195871418 490 315
4420.737863984599 4748.3378639846 61684021.5 1 865.803586745807 490 315
4369.367104914906 4763.467104914906 61684036.5 1 861.4193881356431 500 325
4311.398334812443 4763.598334812443 61684051.5 1 878.7664551245864 500 335
4254.502947271775 4737.502947271775 61684066.5 1 863.64745350859 500 344
4200.823534227102 4703.423534227101 61684081.5 1 871.4365789313957 500 336
4157.46460146665 4661.464601466649 61684096.5 1 869.8439328587717 500 336
4120.369787734565 4606.169787734565 61684111.5 1 876.7165620930925 500 333
4086.8905533576244 4531.390553357625 61684126.5 1 874.6082966301149 500 307
3930.5706596761383 4180.470659676139 61684201.5 0 869.8094564391773 510 103
3931.2431880025074 4062.8431880025078 61684216.5 1 858.1916943381557 500 191
3928.2537110420244 4000.3537110420248 61684231.5 1 867.8260286819911 500 287
3917.2909414331893 3935.490941433189 61684246.5 1 868.211161154073 510 343
3912.303166046306 3822.0031660463064 61684261.5 1 858.5601407468483 510 366
3921.00951877031 3676.7095187703103 61684276.5 1 836.706900488457 510 386
3937.895809575236 3565.4958095752363 61684291.5 1 837.0312379953288 510 394
3969.395819057148 3477.295819057148 61684306.5 1 844.1941251278585 510 396
4001.6621360155546 3403.8621360155544 61684321.5 1 840.9889354525664 520 393
4030.6328950851744 3348.132895085175 61684336.5 1 823.5174730783004 510 394
4057.1016651875475 3316.5016651875476 61684351.5 1 819.8508328340188 520 384
4074.0970527281265 3301.297052728127 61684366.5 1 820.2236175712509 520 371
4080.176465773024 3297.576465773024 61684381.5 1 825.5191189069594 530 356
4080.8353985335 3305.2353985335003 61684396.5 1 819.6556237350143 540 208
4063.3302122655764 3320.6302122655766 61684411.5 1 816.2160630183881 540 129
4043.6094466424765 3373.709446642477 61684426.5 1 812.9879942230525 540 127
4020.1468361276275 3448.9468361276276 61684441.5 1 809.768817033464 550 127
3999.868834215955 3539.268834215955 61684456.5 1 803.9212005512737 550 139
3999.570645611006 3627.170645611006 61684471.5 1 803.3101885690016 550 202
4012.317271538122 3712.717271538122 61684486.5 1 806.7545615150266 550 259
4052.929340324058 3768.0293403240585 61684501.5 1 810.6765851548204 550 291
4111.056811997664 3805.1568119976637 61684516.5 1 813.1766764352627 550 340
4180.546288958084 3818.646288958083 61684531.5 1 812.5315032860153 550 371
4258.709058566832 3809.309058566832 61684546.5 1 807.0972797149922 550 391
4332.996833953746 3784.896833953747 61684561.5 1 803.8162855621742 550 420
4405.490481229802 3738.390481229801 61684576.5 1 817.7036234349279 550 442
4450.904190424909 3688.604190424909 61684591.5 1 816.6263084081027 550 473
4456.504180943 3636.1041809430003 61684606.5 1 804.5651029381842 550 521
4435.437863984564 3563.937863984564 61684621.5 1 806.16216779522 550 567
4374.267104914888 3477.5671049148873 61684636.5 1 826.8435729028259 550 569
4305.098334812445 3382.498334812445 61684651.5 1 838.3279082642615 550 595
4230.002947271798 3309.502947271798 61684666.5 1 837.8650581898488 550 606
4159.523534227141 3262.1235342271407 61684681.5 1 830.2984484426161 550 613
4110.564601466695 3232.0646014666954 61684696.5 1 826.4993364569066 550 608
4075.5697877346083 3218.0697877346083 61684711.5 1 834.773597354247 560 578
4071.4905533576557 3217.4905533576557 61684726.5 1 827.4977550977754 570 418
5346.6528747417815 4270.752874741782 61685058.0 0 820.462014077492 500 501
5297.325166604606 4236.125166604606 61685073.0 1 827.7130185053721 510 515
5242.852186828823 4292.952186828823 61685088.0 1 822.1452448062914 510 514
5250.55883753004 4304.15883753004 61685103.0 1 828.0832649863745 500 516
5289.796259807452 4285.296259807452 61685118.0 1 822.0445012886389 500 546
5350.908886959566 4314.908886959566 61685133.0 1 825.2439361770906 500 570
5485.802959907359 4366.50295990736 61685148.0 1 834.7712539553117 500 572
5632.223368061506 4432.423368061506 61685163.0 1 840.3197902480816 510 580
5786.643864015257 4504.243864015258 61685178.0 1 831.9886588003395 510 580
5940.572785137863 4573.472785137863 61685193.0 1 844.8220612090445 510 569
6024.573034830476 4614.773034830476 61685208.0 1 853.606370193223 520 559
6061.591967797859 4638.49196779786 61685223.0 1 852.2892568209858 520 489
6061.994664728812 4657.794664728812 61685238.0 1 877.8512579226642 520 373
6022.893342946932 4680.293342946931 61685253.0 1 878.8482062470562 520 218
5961.0664918883485 4708.766491888349 61685268.0 1 888.1836622963137 520 103
5880.0635621236825 4739.763562123683 61685283.0 1 877.7187913577621 520 1
5794.694185779248 4769.194185779248 61685298.0 1 893.8770488572302 530 6
5706.504278164223 4796.504278164223 61685313.0 1 879.2250651605009 530 105
5641.544230135886 4803.644230135886 61685328.0 1 894.0468891227724 530 171
5599.236124857084 4798.436124857084 61685343.0 1 898.5644464617429 520 233
5571.247125258256 4765.5471252582565 61685358.0 1 896.6065581277145 520 314
5552.674833395493 4691.674833395493 61685373.0 1 906.7748312784545 520 394
5548.347813170667 4590.747813170667 61685388.0 1 897.7477583725334 520 423
5553.2411624697625 4435.341162469763 61685403.0 1 898.8899527386807 520 447
5560.903740192381 4275.703740192381 61685418.0 1 897.3899105229598 520 491
5561.391113040332 4106.791113040333 61685433.0 1 886.0601844445198 530 504
5558.097040092627 3974.697040092628 61685448.0 1 898.6348647268325 530 530
5557.976631938572 3867.4766319385717 61685463.0 1 897.0323560645123 530 540
5557.556135984625 3788.6561359846255 61685478.0 1 886.4935487306421 530 570
5556.927214861988 3735.5272148619883 61685493.0 1 873.4826155361999 530 565
5556.226965169376 3699.126965169376 61685508.0 1 877.035851206356 540 592
5561.908032202026 3698.508032202026 61685523.0 1 867.4049414110528 540 636
5567.105335271261 3710.7053352712605 61685538.0 1 868.9207896839648 540 649
5597.806657053082 3737.9066570530817 61685553.0 1 857.7661691156584 550 653
5651.233508111732 3820.7335081117317 61685568.0 1 843.6048354879678 550 656
5718.936437876147 3908.7364378761463 61685583.0 1 843.9779906762785 560 655
5792.405814220554 3999.7058142205537 61685598.0 1 844.0153284134032 560 647
5867.295721835595 4089.2957218355946 61685613.0 1 839.608729502145 560 638
5907.755769863987 4126.955769863987 61685628.0 1 844.9944337418488 560 624
5924.863875142872 4127.263875142872 61685643.0 1 839.5689813885714 560 610
5928.352874741706 4100.652874741706 61685658.0 1 831.7990101266392 570 616
5922.425166604406 4042.225166604406 61685673.0 1 837.8562467194374 570 617
5909.2521868291915 3964.652186829191 61685688.0 1 829.182313571539 570 627
5884.758837530086 3851.258837530086 61685703.0 1 828.0188190361998 570 630
5862.39625980749 3736.496259807491 61685718.0 1 831.275386117163 570 633
5844.40888695959 3633.8088869595904 61685733.0 1 828.3534294987098 570 634
5825.302959907362 3539.802959907362 61685748.0 1 832.6419466839191 570 625
5804.423368061349 3432.1233680613495 61685763.0 1 828.2033693095398 570 560
5787.343864015222 3324.043864015222 61685778.0 1 844.0142240268641 570 420
5308.066310477773 3210.166310477773 61685959.5 0 800.0134663374805 570 338
5264.322810553121 3099.2228105531212 61685974.5 1 808.7334474904809 570 343
5224.314123872821 3062.0141238728215 61685989.5 1 789.0456577745713 570 353
5191.411351847796 2943.011351847796 61686004.5 1 785.7249229490196 570 364
5182.9625078780655 2840.7625078780657 61686019.5 1 790.4329745160601 570 399
5191.825648445186 2750.225648445186 61686034.5 1 796.7233255243291 570 417
5211.59981494872 2671.9998149487205 61686049.5 1 788.5397126588279 570 446
5252.747041363646 2608.1470413636457 61686064.5 1 787.8009942406046 570 442
5301.047041363646 2554.947041363646 61686064.5 1 779.7234426541424 570 445
5353.100630338187 2527.200630338187 61686079.5 1 783.5170600933168 580 449
5398.657893650552 2518.8578936505523 61686094.5 1 768.5890815523944 570 423
5437.158939512173 2523.7589395121736 61686109.5 1 767.3946124955272 570 388
5471.5561308052975 2556.756130805298 61686124.5 1 760.3552878043315 570 371
5497.780871961806 2625.6808719618066 61686139.5 1 764.281242003608 570 353
5514.514964513371 2718.714964513371 61686154.5 1 766.5994109101368 570 339
5525.272775423907 2823.2727754239068 61686169.5 1 769.6747277586126 590 338
5533.498105278776 2925.998105278776 61686184.5 1 765.044251806751 590 361
5542.576439023984 3003.6764390239846 61686199.5 1 759.3363876758474 590 367
5569.159908754842 3065.9599087548418 61686214.5 1 767.2810705932516 590 392
5606.099526987627 3071.3995269876273 61686229.5 1 759.6322540193862 590 456
5657.477663989222 3050.677663989222 61686244.5 1 765.9261271573538 590 512
5730.933689522182 3012.833689522182 61686259.5 1 764.3724738798649 590 557
5818.077189446773 2973.9771894467726 61686274.5 1 759.6819369396808 590 570
5939.285876127365 2936.9858761273654 61686289.5 1 770.3565464758169 590 580
6086.288648152399 2905.488648152399 61686304.5 1 766.5944095697815 600 584
6250.837492122096 2877.5374921220955 61686319.5 1 779.9396065735568 600 588
6368.674351554906 2858.1743515549065 61686334.5 1 771.412333389931 600 641
6458.800185051282 2835.6001850512826 61686349.5 1 797.6369772908114 600 643
6531.052958636421 2797.9529586364206 61686364.5 1 788.555520919237 600 658
6588.899369661934 2750.7993696619337 61686379.5 1 802.1798366814626 600 676
6628.042106349596 2711.5421063495965 61686394.5 1 810.8347207908034 610 702
6653.941060487971 2682.841060487971 61686409.5 1 805.9691885935932 600 737
6662.24386919481 2660.3438691948104 61686424.5 1 804.3446117129168 610 791
6662.619128038243 2655.1191280382423 61686439.5 1 808.5209768417458 610 797
6657.085035486607 2650.2850354866073 61686454.5 1 804.3877048087169 610 799
6642.127224576207 2646.5272245762067 61686469.5 1 808.6602972080882 620 755
6618.501894721398 2646.001894721398 61686484.5 1 808.768218157699 620 569
6900.29345294089 5171.29345294089 61687026.0 0 862.8905586336075 500 299
6806.140440528448 5035.840440528448 61687041.0 1 860.6129752905227 500 325
6773.273430876116 5047.773430876116 61687056.0 1 862.1120763257537 500 396
6779.285232518573 5041.8852325185735 61687071.0 1 842.3334154998698 490 535
6824.23866893726 5045.53866893726 61687086.0 1 852.3994940958634 490 599
6894.952883861523 5056.052883861523 61687101.0 1 854.3655386093716 500 611
7028.677369488872 5097.377369488871 61687116.0 1 858.3640946390199 500 634
7160.4593791385405 5150.05937913854 61687131.0 1 855.8189132015987 500 636
7291.111827948047 5210.711827948047 61687146.0 1 869.585905018978 500 633
7404.588678846554 5263.988678846555 61687161.0 1 861.839739655664 500 603
7469.373179340904 5300.773179340904 61687176.0 1 872.4684899104687 510 504
7502.181513340783 5325.8815133407825 61687191.0 1 865.2269590545566 510 269
7471.057240578623 5517.3572405786235 61687236.0 0 892.8539970953956 520 80
7326.999259840561 5656.099259840561 61687251.0 1 891.5785560178664 520 240
7236.514460020043 5679.014460020043 61687266.0 1 903.9040646826113 520 305
7162.543125066646 5669.443125066646 61687281.0 1 904.3915394699272 520 364
7111.487999850422 5611.387999850423 61687296.0 1 896.552053592293 520 431
7076.491893119599 5520.3918931195985 61687311.0 1 902.3260579058933 520 489
7071.006547059005 5421.106547059006 61687326.0 1 890.8178664682118 520 537
7095.859559471509 5307.359559471509 61687341.0 1 901.9039825550147 520 559
7140.6265691239105 5184.1265691239105 61687356.0 1 900.9909340394678 520 570
7214.414767481305 5096.914767481305 61687371.0 1 913.3360968520526 510 561
7293.36133106256 5036.56133106256 61687386.0 1 896.5864712079515 520 560
7375.247116138279 4993.847116138279 61687401.0 1 896.0828977940279 520 564
7438.222630510953 4973.522630510954 61687416.0 1 898.3234405893503 520 570
7498.240620861347 4974.040620861348 61687431.0 1 895.8980138302408 520 568
7555.888172051971 4982.688172051971 61687446.0 1 900.7656393371127 520 554
7616.711321153393 5021.111321153394 61687461.0 1 905.4678888842383 520 544
7670.926820658984 5076.726820658984 61687476.0 1 896.3035180248337 520 538
7720.718486659071 5144.018486659071 61687491.0 1 891.3104461003802 530 535
7736.818928028024 5210.518928028024 61687506.0 1 893.0952701055361 530 519
7750.180639419629 5271.480639419629 61687521.0 1 909.4360328572199 530 519
7760.800740159442 5329.700740159443 61687551.0 1 903.2038995408219 530 527
7760.985539979862 5348.085539979862 61687566.0 1 893.8862546747424 540 524
7764.95687493319 5352.75687493319 61687581.0 1 891.8775687645524 540 526
7765.61200014938 5349.21200014938 61687596.0 1 895.4606733263279 540 537
7776.808106880215 5349.908106880215 61687611.0 1 899.2272941963656 540 545
7790.693452940858 5350.493452940858 61687626.0 1 903.2083045029108 540 557
7816.240440528532 5350.840440528533 61687641.0 1 899.1619925384447 540 559
7847.073430876059 5347.3734308760595 61687656.0 1 913.6765992866119 540 559
7883.885232518602 5343.5852325186015 61687671.0 1 904.6227310464272 540 557
7919.738668937302 5333.938668937301 61687686.0 1 899.4122513722197 540 557
7955.452883861569 5304.552883861569 61687701.0 1 919.5686812201783 550 567
7975.777369488912 5263.277369488913 61687716.0 1 917.866523012957 550 568
7986.459379138567 5193.459379138567 61687731.0 1 915.044418530766 550 561
7968.711827948053 5114.811827948052 61687746.0 1 925.0855062802273 550 561
7935.888678846539 5030.188678846539 61687761.0 1 912.8362908422409 550 567
7892.173179340871 4954.27317934087 61687776.0 1 906.2170268403133 540 540
7852.181513340738 4879.981513340738 61687791.0 1 908.4095827457783 550 407
6424.859391051529 4343.059391051529 61687972.5 0 877.1819585221438 520 438
6383.425974851456 4204.325974851456 61687987.5 1 881.2990018526144 520 490
6391.817688643707 4247.717688643706 61688002.5 1 882.7528268023424 520 488
6429.58374784697 4275.683747846971 61688017.5 1 867.3910854257468 510 519
6586.178960246526 4293.678960246526 61688032.5 1 861.7792460788969 510 589
6821.59537600058 4364.59537600058 61688047.5 1 869.4665879724367 510 661
7131.585819298818 4433.785819298818 61688062.5 1 858.860387906633 510 685
7472.774172072511 4501.274172072511 61688077.5 1 865.9148259872751 510 694
7835.450168046034 4526.550168046035 61688092.5 1 866.4532990169728 530 696
8145.549831954358 4548.949831954357 61688107.5 1 870.673552064675 530 691
8361.225827927794 4553.225827927795 61688122.5 1 875.7764285503522 540 696
8513.414180701335 4546.514180701336 61688137.5 1 874.4308326532415 550 700
8578.404623999388 4554.1046239993875 61688152.5 1 891.6442278908916 560 703
8594.021039753445 4559.221039753445 61688167.5 1 904.612932207078 560 699
8577.016252152982 4553.416252152983 61688182.5 1 905.6360840249919 560 646
8518.88231135624 4540.782311356239 61688197.5 1 917.5187076277931 570 474
7009.221039753576 4086.0210397535766 61688332.5 0 922.464347760461 580 417
6867.6046239994075 3940.2046239994074 61688347.5 1 920.0983483506373 590 480
6871.914180701239 3933.31418070124 61688362.5 1 902.7522463785263 580 497
6922.725827927604 3917.625827927604 61688377.5 1 911.9422642858003 580 524
7031.149831954112 3918.249831954113 61688392.5 1 891.3797074692858 580 550
7178.1501680457895 3929.4501680457897 61688407.5 1 882.9903481548729 580 562
7320.174172072319 3959.4741720723196 61688422.5 1 877.4762296364225 580 556
7433.985819298721 3994.1858192987215 61688437.5 1 871.443104419086 580 551
7528.5953760006 4032.0953760006 61688452.5 1 865.7189237723878 570 509
7573.178960246658 4062.678960246658 61688467.5 1 849.8897826858575 570 372
7592.283747847185 4097.883747847185 61688482.5 1 860.1816933150775 570 190
7591.617688643957 4148.317688643958 61688497.5 1 857.4906076008901 570 56
7579.725974851687 4207.8259748516875 61688512.5 1 853.7866812183038 570 65
7551.159391051692 4254.159391051693 61688527.5 1 862.3353886112109 570 146
7513.741445119411 4274.1414451194105 61688542.5 1 864.1848690227392 570 208
7475.9414451194225 4274.141445119422 61688557.5 1 865.8117735368901 570 282
7438.459391051499 4250.659391051499 61688572.5 1 869.1123829599729 580 381
7375.325974851413 4156.025974851413 61688587.5 1 871.9983065978076 570 455
7294.817688643661 4015.3176886436613 61688602.5 1 875.1336265087518 570 515
7253.483747846931 3899.083747846931 61688617.5 1 873.8975836250721 570 569
7253.9789602465025 3810.6789602465024 61688632.5 1 883.220300521727 570 634
7289.895376000576 3741.595376000577 61688647.5 1 869.3243303224891 570 682
7361.185819298835 3705.785819298835 61688662.5 1 873.6456278342727 570 699
7453.874172072546 3695.574172072546 61688677.5 1 883.4036276276563 570 690
7561.050168046079 3701.9501680460794 61688692.5 1 882.1363595646297 570 699
7685.649831954402 3735.549831954402 61688707.5 1 862.7958882224259 580 697
7792.825827927564 3776.2258279275648 61688722.5 1 870.5825950949993 580 694
7887.614180701219 3822.01418070122 61688737.5 1 863.5703255912298 580 685
7961.004623999411 3870.2046239994115 61688752.5 1 865.1605362882344 590 673
8029.82103975342 3927.121039753421 61688767.5 1 866.1809205025339 590 675
8096.116252152943 3989.2162521529435 61688782.5 1 862.270534906574 600 676
8149.982311356192 4040.2823113561926 61688797.5 1 857.3056072883024 610 676
8166.774025148452 4052.874025148452 61688812.5 1 873.7222988736028 610 681
8158.940608948405 4039.4406089484055 61688827.5 1 857.4571939281404 620 705
8154.358554880543 4027.158554880543 61688842.5 1 863.6912465183481 620 758
8138.258554880623 3977.458554880623 61688857.5 1 861.4645815414353 620 794
8113.440608948628 3903.6406089486286 61688872.5 1 860.2009726382702 620 796
8091.174025148769 3821.8740251487693 61688887.5 1 876.1601799156336 630 814
8084.182311356535 3753.982311356536 61688902.5 1 870.554067780328 630 808
8087.016252152938 3695.9162521529393 61688917.5 1 873.9459615794376 630 797
8076.021039753417 3634.521039753418 61688932.5 1 879.4546418680935 640 733
8035.2046239994115 3570.604623999411 61688947.5 1 867.511022990541 640 520
6437.24711613853 3075.1471161385307 61689099.0 0 838.6292966695675 600 578
6316.861331062789 2933.761331062788 61689114.0 1 832.4774268023834 600 606
6305.114767481459 2933.2147674814596 61689129.0 1 818.6218299509391 600 606
6325.126569123958 2979.1265691239582 61689144.0 1 810.1654224864562 590 656
6439.259559471439 2984.059559471439 61689159.0 1 810.8217046289462 590 727
6616.706547058833 3031.306547058833 61689174.0 1 810.3585486287384 590 784
6860.891893119361 3107.491893119362 61689189.0 1 810.687269681043 580 805
7138.087999850172 3172.5879998501728 61689204.0 1 806.6112021055447 580 817
7436.9431250664375 3234.8431250664376 61689219.0 1 803.1644315602477 580 822
7758.014460019921 3270.3144600199216 61689234.0 1 800.2182917398711 600 828
7982.199259840553 3289.3992598405534 61689249.0 1 801.7369747730426 600 833
8140.95724057873 3296.2572405787305 61689264.0 1 795.1936991595268 600 833
8228.71936058045 3295.819360580449 61689279.0 1 798.955539791611 610 831
8267.981071972074 3283.281071972074 61689294.0 1 815.1203941856353 620 821
8274.981513341025 3276.9815133410243 61689309.0 1 807.8257011023059 630 808
8258.973179341088 3270.773179341088 61689324.0 1 800.1892038657332 630 727
8193.48867884664 3239.58867884664 61689339.0 1 816.1855058979663 630 504
8094.7118279480155 3192.6118279480156 61689354.0 1 826.3904850478154 630 17
7060.240440528518 2844.1404405285184 61689459.0 0 832.9417346603814 650 241
6918.493452941062 2673.693452941063 61689474.0 1 838.570397386094 650 574
6924.2081068804955 2646.5081068804952 61689489.0 1 847.3302880119767 630 581
6946.612000149676 2659.112000149676 61689504.0 1 832.1049525520091 630 627
7039.756874933436 2643.756874933437 61689519.0 1 836.761774203785 630 668
7179.985539980004 2660.785539980005 61689534.0 1 829.0135782700938 630 681
7355.500740159451 2699.1007401594525 61689549.0 1 827.1961109190105 630 690
7532.742759421185 2738.4427594211847 61689564.0 1 832.4608734923113 620 690
7714.480639419394 2782.280639419394 61689579.0 1 815.1882359837402 610 697
7860.718928027731 2829.1189280277313 61689594.0 1 839.2844856172211 610 699
7982.518486658785 2869.7184866587854 61689609.0 1 826.5156350523722 610 699
8051.026820659021 2896.926820659022 61689624.0 1 842.5316776672141 620 688
8077.311321153411 2914.8113211534105 61689639.0 1 842.5212521130052 620 666
8077.388172051965 2926.788172051965 61689654.0 1 836.8375019034022 620 638
8052.640620861515 2943.340620861515 61689669.0 1 850.3522299311127 630 581
8009.422630511215 2966.6226305112154 61689684.0 1 850.6357793969341 630 431
7952.7471161385765 2993.2471161385765 61689699.0 1 849.3288175722754 630 119
7470.3118279480095 5009.11182794801 61689954.0 0 895.8874016160888 580 148
7455.859379138373 5132.559379138373 61689969.0 1 915.2514959001322 570 179
7438.87736948861 5141.477369488611 61689984.0 1 910.107913383387 570 181
7427.652883861574 5138.652883861574 61689999.0 1 914.4531582397932 560 215
7415.738668937306 5117.638668937307 61690014.0 1 917.9758394753768 550 282
7402.285232518604 5084.585232518604 61690029.0 1 927.1805985227331 550 358
7389.273430876061 5000.873430876061 61690044.0 1 929.7045813485421 550 428
7376.640440528531 4827.940440528531 61690059.0 1 937.3162836377386 540 494
7376.293452941094 4595.8934529410935 61690074.0 1 928.6533820956627 540 570
7383.408106880538 4288.008106880538 61690089.0 1 931.7668152381331 540 611
7404.412000149722 3936.612000149722 61690104.0 1 925.9751554637179 540 644
7443.656874933474 3556.556874933475 61690119.0 1 931.6525126394723 540 702
7494.285539980027 3192.7855399800274 61690134.0 1 931.5295045353998 550 758
7516.500740159453 2851.000740159454 61690149.0 1 915.7694145520809 560 812
7539.742759421165 2523.542759421165 61690164.0 1 913.6935915564513 570 833
7543.680639419357 2275.4806394193574 61690179.0 1 915.9953495224247 570 885
7534.518928028028 2001.0189280280292 61690194.0 1 895.8746271998799 580 902
7523.318486659076 1709.8184866590766 61690209.0 1 891.8835305247256 590 892
7515.526820658988 1506.7268206589883 61690224.0 1 880.064795845589 610 908
7508.911321153395 1287.3113211533953 61690239.0 1 862.229180026766 610 908
7487.28817205197 1057.7881720519708 61690254.0 1 851.4484629343594 630 912
7468.840620861541 922.4406208615413 61690269.0 1 844.9990625461232 630 912
7454.322630511256 824.622630511256 61690284.0 1 823.9406607423894 640 905
7446.647116138623 752.5471161386229 61690299.0 1 807.1491081931144 650 894
7445.961331062871 742.7613310628719 61690314.0 1 796.8657862952276 660 858
7439.814767481515 749.9147674815163 61690329.0 1 788.2970288559567 680 725
7431.126569123975 769.2265691239757 61690344.0 1 776.8339412846833 680 270
