192
2283.4881720519284 4122.3881720519275 61791846.0 0 764.8714603068095 650 367
2278.5113211535104 4311.31132115351 61791861.0 1 761.1832520668503 630 433
2257.8268206589814 4420.826820658981 61791876.0 1 764.4521164566936 610 510
2246.7184866590674 4456.6184866590675 61791891.0 1 786.0675412717651 580 512
2242.5189280280197 4443.318928028019 61791906.0 1 784.6425122636816 570 539
2246.080639419626 4360.780639419626 61791921.0 1 789.1292235790161 560 625
2257.5427594213097 4174.84275942131 61791936.0 1 792.7650786272102 550 661
2274.900740159454 3920.6007401594543 61791951.0 1 785.3105447747789 540 667
2305.185539979864 3617.6855399798637 61791966.0 1 792.5263062559436 540 679
2347.656874933194 3327.656874933194 61791981.0 1 801.2094069415979 540 687
2398.012000149385 3045.512000149385 61791996.0 1 794.6194758634706 540 688
2453.308106880219 2834.808106880219 61792011.0 1 807.5138650559016 540 691
2503.593452941101 2685.593452941101 61792026.0 1 791.724389795403 550 687
2550.8404405284364 2576.7404405284365 61792041.0 1 788.7760992438115 550 664
2590.073430876125 2497.6734308761247 61792056.0 1 783.3359982491488 550 628
2617.785232518599 2445.585232518599 61792071.0 1 787.6915803223715 560 515
2636.8386689372983 2411.438668937298 61792086.0 1 761.4113428961103 570 312
1708.5789602466316 3723.878960246632 61792267.5 0 699.8752057678273 580 393
1453.2837478471422 3800.3837478471423 61792282.5 1 716.2931176476283 580 413
1349.7176886435595 3822.117688643559 61792297.5 1 718.228472862111 580 427
1280.4259748516415 3866.2259748516412 61792312.5 1 733.1540582361704 580 480
1246.2593910516598 3880.3593910516597 61792327.5 1 732.0001343869416 580 512
1245.9414451194802 3898.94144511948 61792342.5 1 736.7202122471429 580 522
1276.0414451193528 3972.4414451193525 61792357.5 1 743.46834839478 580 551
1387.6593910515319 4081.959391051532 61792372.5 1 755.0550164927508 580 570
1578.6259748511368 4232.325974851136 61792387.5 1 754.4696701492088 570 591
1821.5176886433633 4379.317688643363 61792402.5 1 776.1870049110601 570 614
2092.383747846974 4468.183747846974 61792417.5 1 777.0010295375594 560 614
2396.6789602465283 4520.478960246529 61792432.5 1 788.9279553096209 570 613
2723.095376000608 4486.395376000608 61792447.5 1 792.2580727820019 570 617
3023.285819298816 4404.385819298816 61792462.5 1 811.2908673754785 560 613
3269.2741720725076 4290.574172072507 61792477.5 1 816.0933735564591 570 611
3479.2741720725076 4148.474172072508 61792477.5 1 804.7489012302946 570 610
3587.15016804603 3985.4501680460303 61792492.5 1 817.4360872760576 560 633
3614.449831954353 3809.049831954353 61792507.5 1 822.8165540291803 560 662
3588.6258279275266 3616.6258279275266 61792522.5 1 816.3035062258115 560 702
3484.6141807013346 3385.9141807013343 61792537.5 1 820.558974503315 560 722
3331.204623999388 3129.604623999388 61792552.5 1 833.6404112445301 550 739
3145.221039753265 2867.321039753265 61792567.5 1 821.021597738662 560 759
2927.3162521526892 2603.2162521526893 61792582.5 1 814.530588796833 560 780
2691.3823113565913 2360.282311356591 61792597.5 1 814.6395191756942 560 797
2442.8740251484983 2132.7740251484984 61792612.5 1 808.1213289822772 570 785
2201.9406089484382 1908.6406089484383 61792627.5 1 806.469268231286 570 785
1992.9585548805549 1738.858554880555 61792642.5 1 798.8037763553923 570 796
1805.3585548806116 1605.8585548806116 61792657.5 1 793.5297426815991 580 791
1658.7406089483695 1511.0406089483695 61792672.5 1 780.941547978728 580 760
1584.674025148723 1472.674025148723 61792687.5 1 765.1574095390832 590 700
1559.4823113564855 1471.9823113564855 61792702.5 1 766.9781815008698 590 624
1590.316252153194 1518.216252153194 61792717.5 1 761.1966725422633 590 526
1722.1210397535742 1615.0210397535743 61792732.5 1 750.227881517613 590 418
1921.4046239994072 1746.4046239994072 61792747.5 1 748.6710118918128 590 247
3555.3953760005993 2709.7953760005994 61792852.5 0 717.1857478355857 580 562
3879.2789602466555 2956.6789602466556 61792867.5 1 725.8490602416576 580 570
3970.4837478471813 3078.683747847181 61792882.5 1 725.344385233442 580 570
4014.617688643605 3121.4176886436053 61792897.5 1 719.6700105288601 580 583
4030.725974851684 3131.9259748516843 61792912.5 1 716.7954586209904 580 637
4030.1593910516895 3121.5593910516895 61792927.5 1 720.7982593791013 580 670
3980.141445119491 3091.841445119491 61792942.5 1 723.3341239679069 580 691
3886.3414451193416 3009.9414451193416 61792957.5 1 727.545812279708 580 719
3760.6593910517286 2892.6593910517286 61792972.5 1 708.0879423785323 580 752
3612.8259748514165 2795.2259748514166 61792987.5 1 728.878500875695 580 782
3485.4176886436653 2714.7176886436655 61793002.5 1 723.2589954579776 580 794
3370.583747846935 2644.6837478469347 61793017.5 1 719.8330509766851 580 799
3303.178960246504 2610.8789602465044 61793032.5 1 725.2441252338577 580 790
3283.0953760006046 2604.0953760006046 61793047.5 1 725.8118041136875 580 794
3294.885819298834 2615.185819298834 61793062.5 1 729.8881928440595 580 779
3324.5741720725428 2626.6741720725427 61793077.5 1 727.3249858984686 570 754
3382.050168046075 2657.550168046075 61793092.5 1 720.6384502918606 570 737
3457.6498319543985 2700.949831954398 61793107.5 1 723.5355493908618 570 721
3541.7258279275616 2726.9258279275614 61793122.5 1 715.2333372845286 570 733
3637.914180701352 2716.014180701352 61793137.5 1 721.4328398662542 570 716
3741.4046239993845 2680.2046239993847 61793152.5 1 727.0352944250645 570 700
3817.2210397534227 2636.321039753423 61793167.5 1 711.2728587202139 580 697
3863.9162521529474 2599.0162521529473 61793182.5 1 715.8437082679693 570 696
3890.4823113565453 2584.282311356545 61793197.5 1 712.5948253871219 570 699
3899.5740251484553 2584.9740251484554 61793212.5 1 699.0457327943441 570 694
3908.540608948408 2585.540608948408 61793227.5 1 689.4912789768086 570 702
3916.5585548805443 2622.9585548805444 61793242.5 1 708.3978268417626 570 691
3950.8585548806223 2685.9585548806226 61793257.5 1 687.8723653807147 570 670
3996.7406089483993 2766.840608948399 61793272.5 1 704.2584020867725 580 619
4050.7740251487658 2860.074025148766 61793287.5 1 703.0915828320395 580 569
4101.1823113565315 2961.5823113565316 61793302.5 1 703.6773499192166 580 557
4141.816252153233 3058.2162521532337 61793317.5 1 699.6558221088626 590 550
4175.621039753598 3102.5210397535984 61793332.5 1 720.8083656225696 580 536
4191.5046239993835 3111.404623999383 61793347.5 1 727.1222421435027 580 539
4199.314180701223 3077.214180701224 61793362.5 1 730.2526675225006 590 543
4199.725827927572 3007.625827927572 61793377.5 1 720.194429529541 590 548
4205.249831954072 2914.4498319540717 61793392.5 1 719.5340409734098 590 561
4217.850168045749 2840.2501680457485 61793407.5 1 736.9592952116683 590 574
4237.374172072553 2780.6741720725536 61793422.5 1 734.8130617114919 600 572
4263.685819298706 2731.3858192987054 61793437.5 1 737.0478150631214 600 570
4290.395376000603 2697.195376000603 61793452.5 1 741.9231613777531 600 557
4327.27896024668 2688.57896024668 61793467.5 1 736.5223261747662 600 468
4370.183747847221 2697.1837478472207 61793482.5 1 740.2773712739641 600 269
4417.7471161385265 2736.347116138526 61793499.0 1 749.9657885033598 600 106
4460.461331062784 2782.5613310627846 61793514.0 1 751.88241383949 600 13
4459.626569123891 2781.726569123892 61793544.0 0 750.7322575392997 600 94
4528.95955947144 2934.35955947144 61793559.0 1 745.8732137160393 600 196
4544.706547058836 2954.3065470588363 61793574.0 1 745.9136308799968 600 297
4559.991893119366 2944.3918931193657 61793589.0 1 755.6864584308769 600 452
4579.587999850177 2885.587999850177 61793604.0 1 740.8385280795602 600 569
4597.74312506673 2770.0431250667298 61793619.0 1 748.8210298788814 600 613
4616.414460019923 2615.814460019924 61793634.0 1 755.5530552180221 600 662
4644.599259840542 2480.1992598405427 61793649.0 1 735.6087044944144 610 730
4678.757240578877 2383.4572405788776 61793664.0 1 732.394498559291 610 759
4721.019360580722 2312.319360580722 61793679.0 1 743.0158543499098 610 794
4764.481071971727 2271.0810719717265 61793694.0 1 736.2202824065131 620 822
4807.18151334102 2266.1815133410205 61793709.0 1 742.8842321823835 620 857
4850.673179341085 2286.573179341085 61793724.0 1 737.5524974189784 620 867
4894.388678846638 2347.7886788466385 61793739.0 1 743.2058103409341 620 853
4938.411827948016 2425.4118279480163 61793754.0 1 733.9457651143659 620 853
4978.559379138597 2513.859379138598 61793769.0 1 730.2462869034916 630 861
5016.877369488655 2627.7773694886555 61793784.0 1 725.7188153110343 630 848
5061.652883861276 2774.052883861276 61793799.0 1 733.7345267036152 630 776
5109.238668937036 2941.3386689370363 61793814.0 1 728.0964943280527 630 535
4977.085539980003 3960.685539980003 61793934.0 0 779.5829454124034 610 591
5071.400740159452 3975.2007401594524 61793949.0 1 793.4275386065676 600 605
5068.042759421187 3989.3427594211867 61793964.0 1 807.8074705116607 610 630
5116.080639419398 3993.980639419397 61793979.0 1 811.3496642901159 600 663
5198.618928028079 3999.518928028079 61793994.0 1 796.3754103529684 600 693
5297.318486658789 3988.3184866587894 61794009.0 1 798.7667809083721 600 700
5398.7268206587705 3966.5268206587702 61794024.0 1 810.3824183474285 600 694
5489.411321153294 3918.6113211532943 61794039.0 1 814.7771398521637 600 691
5571.388172052008 3878.788172052008 61794054.0 1 822.7911340682828 590 630
5601.2406208613165 3843.5406208613163 61794069.0 1 838.8178850807415 600 473
5588.822630511211 3791.9226305112115 61794084.0 1 840.3710898160359 600 1
5362.6265691239005 3581.8265691239008 61794144.0 0 830.8102930115268 610 272
5269.559559471428 3385.8595594714275 61794159.0 1 828.7957686311595 610 465
5248.906547058805 3265.8065470588044 61794174.0 1 822.1469335097746 610 594
5223.591893119322 3104.6918931193222 61794189.0 1 829.5835854184887 610 688
5194.887999850132 2916.3879998501316 61794204.0 1 820.2865699159897 610 760
5159.843125066692 2730.1431250666915 61794219.0 1 815.0854257380917 620 788
5128.1144600199 2543.7144600199013 61794234.0 1 816.6996043870049 620 790
5097.499259840552 2422.0992598405523 61794249.0 1 820.5251487594329 620 797
5082.657240578748 2343.5572405787484 61794264.0 1 813.230260105192 630 784
5096.919360580483 2284.319360580482 61794279.0 1 804.7258554021162 630 777
5130.514123872682 2254.2141238726813 61794310.5 1 795.0678496556841 630 716
5198.522810553504 2245.222810553504 61794325.5 1 795.0336719677194 630 544
5301.766310477832 2280.5663104778328 61794340.5 1 783.8818801499524 630 247
5969.601894721488 2626.401894721488 61794415.5 0 756.3174031185002 640 255
6203.227224576065 2773.2272245760646 61794430.5 1 752.1066838746962 640 314
6282.585035486572 2835.085035486573 61794445.5 1 751.7761288989582 650 317
6311.2191280382085 2865.1191280382095 61794460.5 1 744.7512002892703 650 339
6305.943869194988 2887.143869194988 61794475.5 1 753.594971488562 650 441
6277.341060487874 2904.0410604878734 61794490.5 1 751.7735830382053 660 494
6190.54210634984 2877.4421063498403 61794505.5 1 770.4290984276785 650 556
6068.099369662132 2800.4993696621314 61794520.5 1 763.5882439200761 650 647
5921.352958636376 2689.452958636376 61794535.5 1 769.6347384949355 650 721
5772.800185051273 2554.200185051273 61794550.5 1 783.0042872153828 650 777
5639.27435155479 2440.2743515547904 61794565.5 1 780.5337027235526 650 821
5555.037492121607 2339.9374921216076 61794580.5 1 780.4750678974558 650 834
5498.288648152155 2253.0886481521543 61794595.5 1 777.8911374991956 650 836
5486.385876127461 2209.6858761274616 61794610.5 1 775.1678161531024 650 834
5510.077189446601 2195.577189446601 61794625.5 1 776.3989960657917 650 837
5558.033689522212 2177.7336895222115 61794640.5 1 767.0662130143796 650 837
5621.077663989264 2183.377663989264 61794655.5 1 764.303540052377 640 837
5704.099526987776 2205.4995269877754 61794670.5 1 760.0827603962817 640 837
5799.459908754749 2255.3599087547504 61794685.5 1 761.7333079594723 640 825
5917.776439024231 2322.576439024232 61794700.5 1 739.8069928345114 640 793
6017.198105278686 2401.698105278686 61794715.5 1 741.3023621755727 640 740
6104.172775424048 2476.772775424049 61794730.5 1 742.5552122929901 640 681
6162.714964513455 2573.814964513455 61794745.5 1 723.1513441404358 640 622
6189.3808719617255 2685.180871961726 61794760.5 1 719.7170871177714 640 559
6193.956130805121 2838.8561308051203 61794775.5 1 713.2674133275659 640 438
6187.5589395122715 3027.058939512271 61794790.5 1 722.4728476797044 640 244
6183.357893650308 3238.457893650309 61794805.5 1 712.5719221838151 640 10
6199.400630337989 3477.800630337989 61794820.5 1 738.7451341388856 630 139
6227.147041363536 3678.4470413635368 61794835.5 1 748.9626642445949 640 257
6248.999814948725 3852.8998149487243 61794850.5 1 747.2870032078729 640 348
6264.925648445138 3961.9256484451384 61794865.5 1 763.147420845203 630 477
6277.062507878268 4023.062507878268 61794880.5 1 774.7807032651816 640 569
6276.411351848041 4052.511351848041 61794895.5 1 772.3645389723584 630 613
6268.014123873056 4056.0141238730553 61794910.5 1 789.7879956697567 640 636
6261.1228105535365 4032.3228105535363 61794925.5 1 802.5435918141425 630 702
6229.966310477846 3990.666310477846 61794940.5 1 804.7141762731451 640 758
6194.222336010702 3867.422336010701 61794955.5 1 818.3164336008297 630 800
6155.300473012315 3680.100473012315 61794970.5 1 811.5043140189058 630 854
6142.540091245071 3451.040091245072 61794985.5 1 824.5536997720073 630 912
6148.123560975919 3196.2235609759196 61795000.5 1 826.2846020473094 630 977
6164.901894721447 2940.7018947214474 61795015.5 1 830.6680668968728 630 1005
6182.227224576038 2681.527224576038 61795030.5 1 830.6527756645488 630 1023
6224.485035486567 2466.885035486566 61795045.5 1 841.9124595923385 630 1023
6283.219128038337 2281.319128038337 61795060.5 1 837.0016977544802 630 1023
6329.043869195021 2124.843869195021 61795075.5 1 849.4799541616557 630 1023
6350.841060487917 2013.6410604879177 61795090.5 1 831.1715531451127 640 1023
6356.442106349886 1933.1421063498856 61795105.5 1 832.5333868380388 640 1023
6359.299369662169 1876.4993696621686 61795120.5 1 822.262162784733 650 1023
6358.85295863655 1845.95295863655 61795135.5 1 822.2055442155555 650 1023
6355.200185051278 1832.5001850512776 61795150.5 1 799.8097069262541 650 1023
6351.174351554932 1822.1743515549322 61795165.5 1 803.4673171825918 650 1015
6346.737492121855 1816.3374921218556 61795180.5 1 782.3692129473104 650 905
6343.8886481521085 1816.9886481521087 61795195.5 1 789.5172521081153 650 560
