107
1060.0346516975628 4051.834651697563 511695.0 0 766.1451656882044 520 48
1028.5364745084396 3958.036474508439 511710.0 1 753.3892113873098 510 136
1002.7393398282194 3916.839339828219 511725.0 1 746.4172579770068 510 233
984.1734152255575 3893.3734152255574 511740.0 1 719.7626335601312 500 319
968.018467489107 3882.8184674891068 511755.0 1 726.0989695801577 490 394
956.3864745084358 3891.4864745084355 511770.0 1 708.6001867404026 480 400
945.719014250391 3917.919014250391 511785.0 1 715.185650538954 480 430
933.8000000000008 3957.100000000001 511800.0 1 703.5668093323101 480 470
924.6809857496079 4024.980985749608 511815.0 1 702.3219087235922 480 512
918.9135254915618 4137.513525491562 511830.0 1 703.5621285796461 470 557
929.6815325108926 4280.581532510892 511845.0 1 705.8392771128124 460 584
950.6265847744427 4436.626584774443 511860.0 1 716.1423478157672 460 592
1002.0606601717813 4620.360660171781 511875.0 1 727.4664967896157 450 595
1093.1635254915639 4822.063525491563 511890.0 1 722.4018195655823 460 605
1210.065348302441 5027.86534830244 511905.0 1 740.0785922076321 450 603
1331.2183221215619 5189.6183221215615 511920.0 1 746.5329321944836 450 608
1450.4634902137175 5321.463490213717 511935.0 1 761.2494529515421 450 603
1567.8999999999999 5394.799999999999 511950.0 1 774.0087375487238 460 595
1640.8634902137164 5417.363490213716 511965.0 1 797.1480244062699 460 591
1691.718322121562 5405.918322121562 511980.0 1 793.9727640209875 450 597
1728.0653483024385 5363.165348302438 511995.0 1 811.1390472277391 460 609
1732.2635254915617 5288.963525491562 512010.0 1 806.4207613132394 460 620
1699.9606601717776 5193.660660171778 512025.0 1 821.3390320894525 460 616
1642.926584774442 5097.426584774442 512040.0 1 815.9885239888101 460 622
1565.2815325108934 5000.181532510893 512055.0 1 817.0881320320507 460 647
1473.3135254915614 4903.313525491561 512070.0 1 804.6815250179086 450 658
1371.2809857496077 4822.280985749607 512085.0 1 796.1679952515107 460 667
1281.0000000000005 4751.599999999999 512100.0 1 796.9371772090576 460 664
1209.6190142503906 4720.819014250391 512115.0 1 799.6984459856635 460 675
1151.6864745084388 4714.686474508439 512130.0 1 795.9009246108972 460 669
1124.1184674891074 4725.618467489107 512145.0 1 785.7641911940998 460 610
1140.2734152255566 4745.273415225557 512160.0 1 793.3916548373808 460 491
1184.7393398282177 4780.639339828217 512175.0 1 797.2302855219518 460 276
1445.5827284620884 4059.3827284620884 512386.5 0 742.7739684555219 460 207
1414.770659676066 3928.470659676066 512401.5 1 746.1420794820253 460 287
1415.4431880026505 3907.4431880026505 512416.5 1 736.655569827767 470 368
1421.5537110420523 3898.1537110420522 512431.5 1 743.8093363621024 470 453
1451.1909414331826 3905.3909414331824 512446.5 1 737.540714082893 470 519
1511.3031660462452 3949.403166046245 512461.5 1 734.9311053134728 470 559
1590.7095187702653 4017.6095187702654 512476.5 1 738.2023701454362 480 575
1683.1958095749512 4122.695809574951 512491.5 1 744.3257088891161 480 595
1786.795819056968 4244.495819056969 512506.5 1 744.4805195031233 480 597
1898.1621360154982 4378.262136015498 512521.5 1 742.2484361046452 470 609
1955.1328950850464 4449.232895085046 512536.5 1 748.6354845546108 470 616
1981.601665187557 4531.001665187557 512551.5 1 761.5422683665187 470 627
1988.097052728342 4620.797052728341 512566.5 1 758.1710896884583 470 641
1966.1764657730023 4645.076465773002 512581.5 1 751.1044497476619 470 645
1919.2353985333632 4645.735398533363 512596.5 1 762.4934753484536 460 641
1856.2302122656665 4631.030212265667 512611.5 1 763.6828824405641 460 661
1770.0094466424666 4577.709446642466 512626.5 1 758.2617096449952 460 682
1697.5468361276855 4489.146836127686 512641.5 1 773.3584748909351 460 717
1633.168834215932 4376.4688342159325 512656.5 1 774.9254295746338 460 748
1601.3706456110076 4267.670645611008 512671.5 1 772.9512258246373 460 770
1610.6172715379075 4176.817271537907 512686.5 1 773.5846483931068 460 787
1646.3293403239347 4097.7293403239355 512701.5 1 780.0541504580539 460 790
1712.1568119973526 4063.4568119973524 512716.5 1 776.1905727600729 460 808
1808.9462889579481 4062.946288957948 512731.5 1 773.1779192671555 460 814
1926.3090585668176 4093.509058566817 512746.5 1 776.7311243314234 460 754
2026.496833953754 4151.696833953753 512761.5 1 774.6766215826079 460 594
2120.6904812297353 4209.490481229735 512776.5 1 778.2311679190627 470 177
2396.3293543889918 4740.629354388991 512971.5 0 765.589131706879 440 279
2347.1827284620913 4755.882728462091 512986.5 1 778.225012306209 430 387
2307.270659676061 4756.570659676061 513001.5 1 773.3565110095773 440 518
2261.043188002646 4757.243188002646 513016.5 1 780.0055459534831 440 622
2237.7537110420526 4750.053711042052 513031.5 1 772.6852869691593 440 668
2242.8909414331824 4750.2909414331825 513046.5 1 780.4489086016425 450 691
2267.303166046244 4770.503166046244 513061.5 1 780.2846327048277 450 714
2354.409518770265 4799.5095187702655 513076.5 1 778.394557245767 450 720
2474.1958095749483 4842.295809574948 513091.5 1 787.4900495594911 450 737
2615.5958190569677 4864.695819056968 513106.5 1 782.5432703318478 450 745
2703.862136015498 4873.162136015498 513121.5 1 796.0094307244734 450 691
2764.3328950850473 4869.232895085047 513136.5 1 796.4939077973773 450 586
2806.901665187557 4863.501665187557 513151.5 1 812.2332892806381 450 410
2819.697052728344 4855.297052728343 513166.5 1 801.1301932258909 450 94
2688.052874741693 5039.352874741692 513258.0 0 804.3575045573606 450 160
2661.825166604445 5082.425166604445 513273.0 1 811.1075384521077 450 245
2651.452186829028 5074.152186829027 513288.0 1 813.0067692398908 450 405
2640.958837530023 5037.058837530023 513303.0 1 819.0130073571421 450 536
2632.5962598075316 4970.596259807531 513318.0 1 811.8770638015111 450 634
2616.008886959495 4884.708886959495 513333.0 1 805.9327002463785 440 690
2594.1029599073577 4765.502959907358 513348.0 1 813.6498702209061 440 720
2561.3233680614744 4649.423368061473 513363.0 1 807.8937321015786 440 761
2528.8438640153777 4535.743864015378 513378.0 1 794.5136568904351 440 777
2512.6727851379046 4406.872785137904 513393.0 1 801.2101446223987 450 791
2506.373034830747 4284.373034830747 513408.0 1 789.594130899583 450 803
2528.6919677979854 4191.891967797986 513423.0 1 783.4492973033359 450 809
2587.8946647288317 4118.094664728831 513438.0 1 784.3914133766569 460 823
2670.5933429469046 4095.7933429469044 513453.0 1 772.7062622801483 460 821
2782.366491888255 4123.566491888255 513468.0 1 781.7700381485056 460 824
2909.9635621236284 4184.663562123628 513483.0 1 776.3299564510984 470 822
3048.5941857792914 4251.894185779292 513498.0 1 775.2307206537466 470 814
3169.704278164047 4335.904278164047 513513.0 1 779.0923762812765 470 796
3265.7442301358356 4431.244230135835 513528.0 1 794.3101723539097 470 784
3345.9361248570917 4519.836124857092 513543.0 1 776.4839558176287 480 793
3371.8471252583067 4575.847125258306 513558.0 1 794.4324299181318 480 790
3357.474833395552 4610.474833395551 513573.0 1 784.8122431550377 480 785
3315.3478131709703 4641.14781317097 513588.0 1 783.6731007651451 480 785
3246.041162469975 4641.841162469976 513603.0 1 785.8000230513479 480 805
3170.4037401924693 4622.903740192469 513618.0 1 786.7623806830679 480 825
3090.3911130405068 4551.291113040506 513633.0 1 784.9029936751941 480 864
3009.397040092642 4439.497040092642 513648.0 1 782.6985469609225 480 876
2965.1766319385256 4300.7766319385255 513663.0 1 778.9198604636927 480 899
2945.8561359846226 4179.256135984623 513678.0 1 773.7088789744595 480 899
2977.4272148620967 4098.827214862097 513693.0 1 777.4977634380988 470 912
3053.026965169254 4045.6269651692537 513708.0 1 777.4643382585198 480 915
3158.108032202017 4031.0080322020167 513723.0 1 770.7048820792465 470 836
3312.4053352711667 4069.1053352711665 513738.0 1 784.5856878328503 480 544
