209
2944.0406208614104 5276.440620861411 1183431.0 0 880.5122876065669 510 144
2944.2881720519704 5276.6881720519705 1183446.0 1 883.9937273559194 510 212
2977.1113211534334 5330.511321153433 1183461.0 1 879.576986881799 510 279
2971.8268206588873 5342.726820658887 1183476.0 1 888.0918667527282 500 334
2971.2184866590587 5346.318486659058 1183491.0 1 885.1669349420332 500 366
2970.518928028118 5345.618928028118 1183506.0 1 894.1418339942066 500 551
2969.880639419524 5319.080639419524 1183521.0 1 883.2989503006403 500 693
2957.542759421301 5204.5427594213015 1183536.0 1 886.5001228159341 500 754
2933.600740159451 5030.8007401594505 1183551.0 1 886.8552220615769 500 776
2887.585539979931 4778.285539979931 1183566.0 1 895.2643853180133 500 790
2875.4568749332193 4552.65687493322 1183581.0 1 880.0915613124675 500 796
2886.612000149654 4345.412000149654 1183596.0 1 881.6271835649893 510 797
2908.3081068803713 4200.508106880372 1183611.0 1 873.7224401481511 520 802
2930.5934529411297 4108.693452941129 1183626.0 1 860.9138771980415 530 776
2954.0404405285153 4053.0404405285153 1183641.0 1 862.8315921914143 530 675
2962.4734308760944 4036.973430876094 1183656.0 1 843.6224708722795 530 561
2962.185232518567 4042.9852325185666 1183671.0 1 836.7269240025453 540 253
2693.18151334094 4513.881513340939 1183791.0 0 806.2879363000118 540 537
2650.4810719718803 4709.181071971881 1183806.0 1 819.9055879326066 520 641
2622.419360580475 4735.719360580474 1183821.0 1 822.7390203009265 520 656
2585.057240578698 4740.357240578698 1183836.0 1 829.5909912435259 510 694
2585.199259840548 4704.099259840548 1183851.0 1 824.4677977331626 510 731
2601.1144600200687 4640.214460020069 1183866.0 1 845.5169361643333 510 731
2632.143125066772 4557.843125066773 1183881.0 1 836.4706524992397 510 730
2690.9879998503466 4487.887999850347 1183896.0 1 838.3353579032253 510 731
2784.791893119629 4449.3918931196295 1183911.0 1 842.0831342654587 510 647
2901.806547058871 4431.306547058871 1183926.0 1 842.9537358918337 510 425
3424.2789602465277 4751.478960246528 1184032.5 0 852.8352855680128 540 588
3424.4953760005997 4751.695376000599 1184047.5 1 860.3436317094802 540 619
3424.385819298767 4751.585819298767 1184062.5 1 849.5787695668364 540 634
3316.1741720724926 4739.974172072492 1184077.5 1 854.5219629773951 530 675
3263.7501680457876 4688.950168045788 1184092.5 1 857.5155437331417 530 697
3222.4498319542167 4632.2498319542165 1184107.5 1 856.6101743746749 530 724
3144.125827927511 4549.725827927511 1184122.5 1 853.7422084039889 530 733
3042.214180701231 4450.614180701231 1184137.5 1 855.0482567566077 520 724
2923.8046239994 4339.2046239994 1184152.5 1 839.5220074060765 520 725
2792.421039753469 4216.921039753469 1184167.5 1 840.0478634548646 520 724
2682.3162521529202 4087.21625215292 1184182.5 1 844.886601575481 520 725
2586.3823113564044 3994.0823113564043 1184197.5 1 826.9716852537881 520 721
2541.574025148547 3939.474025148547 1184212.5 1 818.8113166662961 530 724
2551.2406089483948 3910.6406089483944 1184227.5 1 803.8567372611521 530 717
2597.058554880598 3900.4585548805976 1184242.5 1 798.7518124878826 540 717
2676.8585548805963 3926.3585548805963 1184257.5 1 799.5371213201214 540 700
2780.140608948399 3975.740608948399 1184272.5 1 780.4056412306766 540 666
2898.5740251485536 4030.474025148553 1184287.5 1 793.7049805295189 540 662
3017.582311356411 4090.682311356411 1184302.5 1 779.7741526483989 540 662
3113.5162521529255 4155.116252152926 1184317.5 1 787.3434254892286 550 662
3193.5210397534725 4202.9210397534725 1184332.5 1 792.3134358720749 540 673
3245.8046239993996 4230.7046239994 1184347.5 1 804.4181601185714 540 690
3269.7141807012326 4244.8141807012325 1184362.5 1 806.4701627068878 540 697
3275.0258279275063 4245.2258279275065 1184377.5 1 822.395259475394 540 714
3271.4498319542104 4240.949831954211 1184392.5 1 819.0229362961866 540 720
3242.7501680457813 4199.650168045781 1184407.5 1 834.3733978961016 550 727
3197.8741720724875 4134.474172072488 1184422.5 1 834.2326469070626 540 736
3120.585819298764 4045.985819298764 1184437.5 1 835.4135495414671 550 745
3030.395376000599 3961.395376000599 1184452.5 1 836.7226043515439 550 748
2931.478960246531 3879.278960246531 1184467.5 1 828.7930081987136 540 754
2840.683747847071 3818.583747847071 1184482.5 1 815.8282228662076 550 752
2796.6176886435965 3773.117688643596 1184497.5 1 808.1086144620605 550 730
2784.0259748514536 3763.3259748514533 1184512.5 1 803.0876317429165 550 684
2795.359391051606 3774.659391051606 1184527.5 1 788.3713704795019 550 595
2839.841445119405 3800.241445119405 1184542.5 1 799.8476537645422 550 472
2907.041445119403 3861.1414451194028 1184557.5 1 772.8201943760574 540 349
2983.6593910516 3921.6593910516 1184572.5 1 778.7939178122509 540 270
3052.1259748514553 3981.0259748514554 1184587.5 1 785.2358905843626 540 244
3108.817688643587 4041.2176886435873 1184602.5 1 783.3509480321251 550 316
3159.1837478470725 4104.883747847072 1184617.5 1 785.8156912195196 550 399
3191.178960246526 4130.578960246527 1184632.5 1 795.5269458605226 550 442
3200.495376000599 4130.795376000599 1184647.5 1 791.8233509293603 550 543
3194.7858192987674 4088.6858192987675 1184662.5 1 800.4243561002994 550 603
3190.8741720724943 4009.8741720724943 1184677.5 1 804.9652167000993 550 644
3183.9501680457797 3907.0501680457796 1184692.5 1 801.6853609931007 550 717
3174.8498319542196 3809.7498319542196 1184707.5 1 808.7895577931528 550 763
3183.3258279275046 3709.0258279275045 1184722.5 1 803.5250858720294 540 767
3210.2141807012363 3641.414180701236 1184737.5 1 788.0432411151094 550 776
3250.0046239994 3597.2046239993997 1184752.5 1 783.6061979872734 550 782
3311.821039753468 3589.7210397534677 1184767.5 1 790.8042412090042 550 770
3401.2162521529276 3628.716252152927 1184782.5 1 782.6487059778019 550 748
3509.682311356402 3699.3823113564017 1184797.5 1 790.5301662430462 560 733
3619.5740251485445 3800.8740251485447 1184812.5 1 784.6244624437785 560 700
3723.0406089484 3901.5406089484 1184827.5 1 792.7197576954965 560 638
3784.9585548805944 3998.4585548805944 1184842.5 1 791.72192069692 570 544
3821.3585548805972 4118.858554880597 1184857.5 1 789.1376529483368 570 330
3478.7258279275043 5295.9258279275045 1184977.5 0 868.1150449742671 540 449
3364.5498319542185 5366.5498319542185 1184992.5 1 883.3744872919129 530 489
3302.9501680457793 5385.450168045779 1185007.5 1 881.5346314199112 520 488
3241.974172072494 5392.374172072494 1185022.5 1 885.4914037586055 510 485
3219.985819298763 5372.485819298763 1185037.5 1 894.3741963786367 510 540
3224.2953760006 5335.4953760006 1185052.5 1 885.1805395549014 500 638
3207.9789602465266 5243.578960246527 1185067.5 1 893.5405596478495 500 679
3191.3837478470737 5094.683747847073 1185082.5 1 873.8969326246877 500 690
3174.6176886435883 4907.117688643588 1185097.5 1 874.7925146463964 500 696
3206.825974851456 4732.125974851456 1185112.5 1 870.5227223528346 500 699
3276.9593910516005 4589.4593910516 1185127.5 1 864.59892095039 500 697
3371.8414451194053 4469.441445119405 1185142.5 1 867.1418385533107 500 630
3467.0414451194024 4374.941445119402 1185157.5 1 854.4805911351859 510 471
3568.8593910515983 4326.259391051598 1185172.5 1 847.9215618426844 520 1
3486.2815133409485 4875.081513340949 1185309.0 0 845.1673219354838 530 497
3424.773179341102 5048.073179341102 1185324.0 1 845.0528621162423 530 586
3411.088678846569 5168.08867884657 1185339.0 1 843.7181733127179 530 614
3415.2118279480283 5210.011827948028 1185354.0 1 857.7020375945838 530 628
3474.9593791385846 5200.459379138584 1185369.0 1 857.040430561547 520 671
3572.077369488845 5220.577369488844 1185384.0 1 862.7104707398913 510 694
3733.0528838613723 5226.852883861372 1185399.0 1 850.8994244307015 510 702
3897.538668937341 5227.538668937341 1185414.0 1 879.4142549209978 510 696
4048.5852325185674 5202.885232518567 1185429.0 1 880.2166395766498 510 697
4189.573430876092 5178.673430876092 1185444.0 1 878.6675485722363 510 699
4285.440440528515 5149.240440528514 1185459.0 1 875.655821991176 510 697
4348.093452941136 5120.193452941136 1185474.0 1 890.7645911253019 510 697
4388.808106880369 5093.70810688037 1185489.0 1 898.1182711163925 510 699
4411.212000149663 5068.512000149663 1185504.0 1 892.323430903502 510 679
4385.356874933227 5032.156874933227 1185519.0 1 883.602072118229 510 597
4327.48553997993 4963.08553997993 1185534.0 1 887.3521387932497 510 450
4208.300740159451 4871.900740159451 1185549.0 1 881.8529941451872 520 285
4051.642759421302 4771.242759421301 1185564.0 1 878.5246815580656 520 134
3870.0806394195165 4701.680639419516 1185579.0 1 882.8986907560551 520 144
3718.1189280281196 4653.318928028119 1185594.0 1 884.3296058732558 520 225
3634.8184866590495 4634.41848665905 1185609.0 1 878.0780267393131 520 339
3597.6268206588884 4630.826820658888 1185624.0 1 878.5585824280694 520 362
3602.91132115343 4637.51132115343 1185639.0 1 880.5680348571047 520 436
3641.488172051971 4650.888172051971 1185654.0 1 891.3163260795682 530 527
3702.1406208614094 4670.94062086141 1185669.0 1 885.3960209088508 530 559
3795.422630511156 4696.322630511156 1185684.0 1 887.462806630341 530 561
3906.0471161386176 4720.147116138617 1185699.0 1 890.0965031818711 530 560
4028.56133106266 4746.761331062659 1185714.0 1 892.8964302001851 530 564
4145.61476748144 4774.914767481439 1185729.0 1 882.7004105257645 530 560
4222.326569123908 4797.026569123907 1185744.0 1 888.3823187567875 530 540
4272.059559471485 4800.559559471485 1185759.0 1 896.043852433997 530 480
4277.306547058863 4791.806547058863 1185774.0 1 891.1846938130146 530 409
4231.691893119629 4767.891893119629 1185789.0 1 888.9398322777483 530 309
4151.187999850346 4727.987999850346 1185804.0 1 895.1091109962507 520 279
4027.9431250667717 4678.243125066771 1185819.0 1 896.1632495922134 520 287
3899.6144600200632 4628.314460020064 1185834.0 1 896.1442434754483 520 314
3767.499259840548 4585.799259840548 1185849.0 1 901.5822998173452 520 320
3684.7572405786977 4548.557240578698 1185864.0 1 892.9954724214817 520 325
3635.3193605804836 4512.419360580484 1185879.0 1 892.8651496246924 530 338
3607.3810719718813 4490.781071971881 1185894.0 1 895.2394806982271 530 391
3626.98151334094 4479.581513340941 1185909.0 1 892.1248909602729 530 412
3699.1731793411122 4478.973179341112 1185924.0 1 894.2350457183476 530 422
3805.888678846566 4495.388678846565 1185939.0 1 908.7015191365864 530 423
3933.9118279480276 4524.711827948028 1185954.0 1 905.9949302800645 530 435
4065.059379138589 4565.559379138589 1185969.0 1 913.3006760512416 530 450
4197.877369488842 4605.977369488843 1185984.0 1 901.797546864177 530 453
4279.05288386138 4623.4528838613805 1185999.0 1 906.4029809227029 530 450
4315.438668937338 4624.1386689373385 1186014.0 1 893.5518273300594 530 445
4320.885232518559 4618.385232518559 1186029.0 1 891.3430527235896 530 453
4282.673430876094 4589.973430876094 1186044.0 1 890.4469517145515 530 501
4218.940440528516 4546.540440528515 1186059.0 1 897.1570329793703 530 588
4138.09345294113 4496.493452941129 1186074.0 1 890.2638554626911 530 645
4071.008106880372 4430.108106880371 1186089.0 1 900.0350407307483 530 664
4022.012000149655 4353.8120001496545 1186104.0 1 893.7864696010993 530 693
3985.6568749332287 4256.556874933229 1186119.0 1 891.6580508056812 540 691
3985.1855399799365 4156.685539979937 1186134.0 1 903.3198124585258 540 694
4013.000740159451 4051.500740159451 1186149.0 1 896.3089525424392 540 697
4062.1427594213005 3981.6427594213005 1186164.0 1 888.5327591835413 550 703
4111.580639419523 3935.1806394195232 1186179.0 1 884.2206754409107 560 705
4162.618928028117 3893.8189280281176 1186194.0 1 882.3985995531273 560 705
4208.818486659058 3865.118486659058 1186209.0 1 885.8487153864987 560 705
4241.626820658887 3844.7268206588865 1186224.0 1 876.8122386926093 570 703
4269.311321153429 3827.6113211534293 1186239.0 1 868.2604780324547 580 694
4301.588172051971 3810.188172051972 1186254.0 1 862.7698650232384 580 643
4334.240620861411 3798.040620861411 1186269.0 1 854.6259844969388 590 577
4356.122630511149 3790.5226305111482 1186284.0 1 858.3800610034835 590 532
4369.44711613862 3789.84711613862 1186299.0 1 853.7771255809421 590 456
4351.961331062652 3793.361331062652 1186314.0 1 861.2807563735342 590 425
4280.014767481441 3804.014767481441 1186329.0 1 867.3103717732062 590 423
4171.226569123907 3771.5265691239074 1186344.0 1 863.8308055405938 590 463
4031.9595594714838 3735.859559471484 1186359.0 1 852.6534673673588 590 569
3896.5065470588693 3704.706547058869 1186374.0 1 854.9566191149762 590 656
3800.491893119626 3677.991893119626 1186389.0 1 849.5649729717597 590 702
3729.7879998503436 3663.9879998503434 1186404.0 1 852.4470930492024 590 725
3708.7431250667782 3664.6431250667783 1186419.0 1 851.2108690031597 590 708
3721.114460020062 3675.614460020062 1186434.0 1 851.0114615688742 590 684
3755.5992598405483 3737.399259840548 1186449.0 1 851.7327911122441 590 643
3829.657240578699 3831.0572405786993 1186464.0 1 877.4660569506677 590 559
3916.7193605804773 3946.819360580477 1186479.0 1 880.1087876588957 590 418
4012.6810719718833 4071.4810719718835 1186494.0 1 862.8499284480876 590 319
4106.481513340943 4221.281513340943 1186509.0 1 864.8373705321283 590 306
4180.073179341113 4387.973179341114 1186524.0 1 875.7126188590601 580 319
4240.5886788465705 4577.28867884657 1186539.0 1 879.4659681551609 580 394
4272.711827948027 4770.411827948027 1186554.0 1 882.5702417561504 580 465
4284.159379138588 4966.659379138588 1186569.0 1 887.9435167285928 570 546
4281.17736948885 5153.37736948885 1186584.0 1 895.3631179641178 560 669
4262.952883861379 5274.452883861379 1186599.0 1 889.6195306370544 550 713
4237.738668937346 5351.438668937346 1186614.0 1 901.0656365570288 540 702
4208.185232518558 5330.285232518558 1186629.0 1 909.3437976317758 530 734
4179.073430876091 5227.6734308760915 1186644.0 1 908.417702943955 530 790
4127.240440528516 5070.8404405285155 1186659.0 1 907.1013910249796 530 857
4060.3934529411313 4804.493452941131 1186674.0 1 907.1424442727795 530 912
4012.908106880364 4495.908106880364 1186689.0 1 902.2644280992616 530 973
3965.312000149657 4159.912000149657 1186704.0 1 891.5075984117894 540 1023
3917.056874933222 3801.556874933222 1186719.0 1 883.4121504550309 550 1023
3901.185539979938 3439.885539979938 1186734.0 1 882.6211818208772 550 1023
3908.7007401594515 3077.1007401594516 1186749.0 1 860.8302400005856 570 1023
3936.1427594212996 2784.6427594213 1186764.0 1 847.9777496003476 580 1023
3965.2806394195213 2551.980639419521 1186779.0 1 835.8437693152163 600 1023
3994.6189280281255 2360.1189280281255 1186794.0 1 821.1138572215226 610 1023
4021.9184866590554 2178.1184866590556 1186809.0 1 800.5312011795411 620 1023
4041.4268206588927 2029.626820658893 1186824.0 1 776.202501666599 630 1023
4054.411321153428 1902.6113211534284 1186839.0 1 772.6108654238434 640 1023
4064.288172051972 1810.988172051972 1186854.0 1 771.1298328052851 640 1023
4064.040620861412 1756.1406208614123 1186869.0 1 734.2624826292223 650 1023
4057.2226305111503 1726.2226305111508 1186884.0 1 720.9758318408723 650 1023
4051.647116138623 1708.0471161386229 1186899.0 1 715.1353288177652 650 1023
4038.3613310626542 1701.0613310626545 1186914.0 1 686.5990751450079 660 1023
4019.6147674814356 1700.514767481436 1186929.0 1 691.4799206071103 660 1003
3994.826569123908 1709.3265691239083 1186944.0 1 676.533699448754 660 912
3971.059559471483 1729.6595594714834 1186959.0 1 666.8672447718355 670 727
3948.306547058867 1758.0065470588675 1186974.0 1 648.8894581879136 670 18
