168
2053.9037401921137 4286.903740192113 60813018.0 0 777.8828565360816 710 699
2073.9911130405267 4280.391113040527 60813033.0 1 774.7868175837252 680 707
2050.3970400926523 4304.397040092652 60813048.0 1 777.6609714064564 670 702
2043.976631938559 4339.976631938558 60813063.0 1 775.4534432981851 660 702
2048.4561359846 4350.7561359845995 60813078.0 1 778.5486117259973 630 702
2115.727214862298 4392.827214862297 60813093.0 1 772.6933529560679 620 721
2232.626965169345 4455.8269651693445 60813108.0 1 784.4103957643415 610 721
2383.2080322020015 4533.608032202002 60813123.0 1 799.8543137215913 590 733
2559.9053352712485 4593.405335271248 60813138.0 1 814.4980477032069 580 739
2727.106657053085 4641.606657053085 60813153.0 1 794.9198979246229 580 758
2887.633508111562 4662.833508111562 60813168.0 1 807.3386434353928 580 759
3012.7364378761745 4653.536437876174 60813183.0 1 809.3149596045242 580 774
3084.805814220586 4623.405814220587 60813198.0 1 802.1174201984343 580 797
3121.1957218359453 4563.895721835945 60813213.0 1 818.2510675779981 580 842
3121.7557698642304 4465.75576986423 60813228.0 1 819.6204725112044 580 864
3087.763875142879 4342.163875142879 60813243.0 1 841.4810752497419 580 872
3026.8528747416976 4206.352874741698 60813258.0 1 836.3293840082621 580 878
2952.3251666043843 4068.125166604384 60813273.0 1 829.5890618085365 580 885
2880.985876127291 3963.1858761272906 60813289.5 1 822.5444405394617 590 881
2812.3886481523214 3881.9886481523213 60813304.5 1 824.9829075136716 590 872
2757.837492122031 3814.137492122031 60813319.5 1 817.4166616591987 590 863
2715.3743515550327 3763.9743515550326 60813334.5 1 818.064857146378 600 788
2680.200185051281 3725.300185051281 60813349.5 1 815.980509882694 600 645
2643.9529586363014 3714.9529586363014 60813364.5 1 810.9532395175938 600 257
2443.0850354865966 4180.485035486597 60813454.5 0 768.5436512813608 610 367
2461.7272245761615 4288.027224576162 60813469.5 1 773.6636878931105 610 731
2469.601894721637 4251.101894721637 60813484.5 1 779.840692804377 610 730
2450.0235609761344 4245.523560976134 60813499.5 1 785.0312453739411 620 737
2424.8400912455786 4160.840091245578 60813514.5 1 781.8380221221564 620 746
2395.322336010738 4023.522336010738 60813544.5 1 790.8370850424207 610 750
2376.466310477783 3907.366310477783 60813559.5 1 795.7445140930306 610 782
2354.422810553387 3775.4228105533866 60813574.5 1 790.3565498192935 610 817
2314.414123872522 3633.214123872522 60813589.5 1 795.4358082757848 610 837
2262.6113518478282 3495.3113518478285 60813604.5 1 801.7135143852796 610 864
2208.662507878092 3383.262507878092 60813619.5 1 804.1430159295954 610 896
2160.825648445038 3289.2256484450377 60813634.5 1 811.6400639564687 610 912
2137.199814948721 3244.599814948721 60813649.5 1 803.2468421802995 610 917
2127.947041363785 3221.347041363785 60813664.5 1 787.8286185014548 610 911
2131.700630338161 3213.200630338161 60813679.5 1 788.0726758310475 610 912
2159.7578936505206 3208.3578936505205 60813694.5 1 800.9561264641061 610 909
2203.158939512476 3230.058939512476 60813709.5 1 782.0914344264786 620 902
2290.0561308052747 3270.0561308052747 60813724.5 1 776.3018391910612 630 906
2418.4808719617954 3346.6808719617957 60813739.5 1 774.9928476195995 630 902
2574.5149645134247 3423.6149645134246 60813754.5 1 766.1473172350495 630 903
2767.972775423925 3501.572775423925 60813769.5 1 747.0639020723197 640 915
2970.7981052784967 3544.0981052784964 60813784.5 1 750.0414126088002 640 912
3179.376439024017 3560.876439024017 60813799.5 1 739.4438111525664 640 912
3372.5764390240174 3560.876439024017 60813799.5 1 752.2536815558931 640 921
3507.659908754558 3520.2599087545577 60813814.5 1 776.7579846248226 640 927
3603.399526987647 3436.799526987647 60813829.5 1 772.2361305734629 640 941
3659.6776639892273 3323.6776639892273 60813844.5 1 776.0655108297995 640 944
3668.7336895222747 3199.7336895222747 60813859.5 1 768.9051670772284 640 968
3646.67718944675 3066.37718944675 60813874.5 1 780.4346302480448 650 991
3597.785876127665 2926.485876127665 60813889.5 1 782.7806072895457 650 988
3534.788648152367 2817.9886481523667 60813904.5 1 773.5392709657472 650 991
3462.7374921217834 2722.1374921217835 60813919.5 1 781.3486589418604 650 988
3373.374351554891 2635.5743515548907 60813934.5 1 781.6074726629981 650 992
3253.5001850512767 2563.3001850512765 60813949.5 1 779.5769616164082 650 980
3112.9529586362814 2513.7529586362816 60813964.5 1 772.8430448124548 650 947
2951.69936966196 2479.89936966196 60813979.5 1 777.1547076790541 650 921
2775.242106349629 2470.0421063496287 60813994.5 1 780.3072510343493 650 906
2589.0410604876683 2489.6410604876683 60814009.5 1 783.2680920168057 650 876
2424.4438691948335 2528.043869194834 60814024.5 1 769.6639086869279 650 885
2292.51912803814 2572.51912803814 60814039.5 1 751.3453004939141 650 887
2181.2850354866027 2614.585035486603 60814054.5 1 740.8754602596672 650 893
2117.327224576188 2650.7272245761883 60814069.5 1 758.5974309475282 650 899
2090.9018947216778 2678.201894721678 60814084.5 1 742.4024883212101 640 905
2090.22356097618 2716.72356097618 60814099.5 1 741.6272312612354 640 906
2119.640091245306 2762.940091245306 60814114.5 1 744.7602759627666 640 899
2196.800473012262 2823.300473012262 60814129.5 1 756.7344462742287 640 920
2305.7223360107464 2888.1223360107465 60814144.5 1 729.1820220351595 650 929
2447.8663104777693 2956.0663104777695 60814159.5 1 733.9661675639388 650 927
2611.322810553355 3019.4228105533552 60814174.5 1 739.1163655262393 650 927
2789.0141238724786 3081.6141238724786 60814189.5 1 735.6934498611776 650 911
2954.911351847783 3126.411351847783 60814204.5 1 732.6054421718923 650 811
3110.2625078780543 3161.3625078780547 60814219.5 1 738.4820899604398 640 418
4712.559379138718 4221.859379138718 60814731.0 0 816.238614994142 430 791
4723.511827948043 4240.511827948043 60814746.0 1 813.68725863515 440 794
4706.088678846566 4293.788678846566 60814761.0 1 807.1498600298994 450 782
4715.573179340928 4315.873179340928 60814776.0 1 816.6246884859146 450 788
4743.481513340814 4283.581513340814 60814791.0 1 809.3365608950587 470 793
4816.281071971516 4215.681071971516 60814806.0 1 813.0759919478099 480 796
4884.819360580552 4133.719360580552 60814821.0 1 823.605948544343 500 796
4949.657240578636 4049.4572405786375 60814836.0 1 829.9960273824929 510 793
5030.299259840549 3989.3992598405493 60814851.0 1 833.7586497419456 520 788
5065.114460020026 3947.2144600200268 60814866.0 1 838.4969505680573 550 771
5069.543125066907 3920.8431250669073 60814881.0 1 835.2272244444696 570 752
5084.987999850389 3913.8879998503903 60814896.0 1 838.3893029414929 580 693
5101.091893119896 3920.1918931198966 60814911.0 1 831.9654600227178 580 568
5155.106547058983 3969.306547058983 60814926.0 1 846.9911153740702 590 396
5233.8595594715 4071.1595594715004 60814941.0 1 848.3316172175878 600 139
5338.826569123851 4207.626569123851 60814956.0 1 845.3860023149443 600 129
5452.514767481325 4346.514767481325 60814971.0 1 849.178707189335 610 337
5571.361331062274 4418.4613310622735 60814986.0 1 853.4889686008441 610 433
5635.047116138312 4445.747116138312 60815001.0 1 865.217083302026 610 498
5687.522630511288 4441.522630511288 60815016.0 1 879.397681369702 620 560
5731.440620861366 4418.940620861366 60815031.0 1 879.058865620667 620 617
5764.588172051976 4383.488172051976 60815046.0 1 885.4261544923462 620 646
5779.9113211535005 4330.2113211535 60815061.0 1 880.254335382321 620 667
5779.526820658961 4257.726820658961 60815076.0 1 885.594768409487 620 685
5751.61848665904 4173.11848665904 60815091.0 1 875.485702924429 620 697
5671.818928028335 4065.318928028335 60815106.0 1 883.2021757068381 620 694
5559.880639419603 3957.5806394196034 60815121.0 1 885.5493103255521 620 700
5377.442759421446 3850.042759421446 60815136.0 1 881.3507541324255 610 708
5153.442759421446 3719.142759421446 60815136.0 1 885.8144984427927 610 722
4901.300740159443 3604.900740159444 60815151.0 1 879.3195348893358 610 790
4666.285539979877 3501.4855399798776 60815166.0 1 883.2293821049642 610 867
4508.556874932929 3447.3568749329283 60815181.0 1 888.3080616962425 610 902
4402.81200014976 3419.31200014976 60815196.0 1 895.9448107007447 610 909
4358.708106880245 3409.508106880246 60815211.0 1 889.9996946807917 610 900
4359.29345294112 3410.09345294112 60815226.0 1 883.051621722119 610 905
4395.340440528542 3410.440440528542 60815241.0 1 889.3657266793696 610 915
4489.17343087612 3420.273430876119 60815256.0 1 882.827180796896 620 932
4663.885232518582 3464.085232518581 60815271.0 1 879.4044566624715 620 941
4892.238668937588 3539.1386689375886 60815286.0 1 858.5218406312953 610 933
5184.852883861537 3635.0528838615364 60815301.0 1 871.9297475509411 620 942
5496.377369488883 3735.1773694888834 60815316.0 1 870.9019913734635 620 933
5820.659379138744 3824.2593791387444 60815331.0 1 873.5338818774028 620 896
6043.011827948049 3868.8118279480486 60815346.0 1 855.9733321346617 620 848
6154.3886788464315 3888.488678846432 60815361.0 1 864.5530880771106 620 806
6192.573179340894 3897.273179340895 60815376.0 1 887.6663351633016 630 720
6158.181513341105 3906.281513341105 60815391.0 1 876.4317021700471 630 636
6060.881071971813 3920.281071971813 60815406.0 1 880.5520457111242 630 443
5175.359391051868 4394.159391051868 60815527.5 0 921.3899414193799 630 565
5146.341445119391 4348.341445119391 60815542.5 1 924.7793211437223 630 645
5140.741445119441 4341.34144511944 60815557.5 1 927.0946952761054 630 670
5145.25939105155 4306.659391051549 60815572.5 1 920.8200152242056 630 742
5155.625974851486 4186.825974851486 60815587.5 1 920.2896842761132 630 779
5168.917688643391 4010.4176886433916 60815602.5 1 930.6922117964268 610 820
5179.383747846998 3839.5837478469984 60815617.5 1 911.5381192864493 610 852
5165.178960246543 3658.778960246543 60815632.5 1 918.0728997970443 610 879
5134.595376000582 3472.0953760005827 60815647.5 1 917.1733898424397 610 902
5086.8858192988055 3311.685819298805 60815662.5 1 927.9050828125196 610 933
5040.274172072751 3202.074172072752 60815677.5 1 925.1724208340335 610 942
4998.350168046003 3126.5501680460025 60815692.5 1 913.6585545221944 620 935
4973.849831954326 3076.1498319543257 60815707.5 1 896.7330477073732 620 911
4959.9258279275045 3058.025827927505 60815722.5 1 900.951916438552 620 849
4973.51418070119 3061.8141807011903 60815737.5 1 895.9463599448494 630 646
5377.14060894823 3576.74060894823 60815827.5 0 857.770879983635 650 518
5480.358554880561 3581.9585548805617 60815842.5 1 843.4706944284335 650 760
5504.158554880605 3581.9585548806053 60815857.5 1 837.6732691707105 650 783
5503.840608948578 3588.6406089485777 60815872.5 1 839.8824866230217 650 809
5503.274025148697 3572.6740251486967 60815887.5 1 836.4088573456368 650 849
5506.782311356805 3515.282311356805 60815902.5 1 841.3676615323731 650 861
5526.416252152872 3429.916252152872 60815917.5 1 841.3272521599927 650 879
5549.721039753377 3312.521039753377 60815932.5 1 833.3462137376638 650 906
5578.204623999405 3213.6046239994052 60815947.5 1 860.9986181048052 650 920
5609.114180701253 3127.6141807012527 60815962.5 1 853.6937347227498 640 933
5641.725827927363 3047.5258279273635 60815977.5 1 856.8984914532138 640 976
5675.9498319541435 2977.4498319541444 60815992.5 1 854.1645667692549 640 988
5712.350168045821 2913.7501680458213 60816007.5 1 871.2475349526685 650 1023
5771.774172072344 2870.2741720723443 60816022.5 1 875.2095942277022 650 1023
5845.685819298734 2839.185819298734 60816037.5 1 888.1439070199042 640 1023
5961.295376000624 2815.495376000625 60816052.5 1 871.1308815739769 640 1023
6122.778960246641 2815.278960246641 60816067.5 1 873.8852456084179 650 1023
6314.783747847157 2842.083747847157 60816082.5 1 883.2644584210517 650 1023
6514.317688643578 2882.017688643577 60816097.5 1 882.4982122197863 650 1023
6713.125974851335 2929.6259748513353 60816112.5 1 881.166869411131 650 1023
6900.859391051671 2985.759391051671 60816127.5 1 898.8865722837312 660 1023
7035.641445119402 3047.7414451194027 60816142.5 1 895.2410335459812 670 1023
7142.04144511943 3120.54144511943 60816157.5 1 903.1338359649782 670 1023
7199.05939105152 3206.25939105152 60816172.5 1 899.9760214173119 670 1023
7212.925974851442 3300.625974851443 60816187.5 1 900.040728390527 670 1023
7198.217688643345 3432.917688643345 60816202.5 1 915.3409434007109 680 1023
7137.983747846959 3586.883747846959 60816217.5 1 912.6053963315705 680 1014
7043.278960246519 3755.3789602465195 60816232.5 1 903.4693135925945 680 934
6925.195376000579 3917.295376000579 60816247.5 1 918.3074656559332 680 851
6769.685819298822 4023.585819298823 60816262.5 1 934.1904566676873 670 594
