132
2922.955769863956 4029.655769863956 60896028.0 0 808.0491494324317 490 384
3015.6638751428613 4007.5638751428614 60896043.0 1 811.0820608869647 500 425
2982.7528747417177 4018.052874741718 60896058.0 1 818.1548798992558 520 428
2987.3251666046685 4033.8251666046685 60896073.0 1 806.4698991083599 540 438
3017.5521868289115 4064.052186828911 60896088.0 1 812.0576760929399 550 448
3067.958837530134 4131.958837530134 60896103.0 1 817.6532898310112 550 515
3121.896259807532 4225.096259807531 60896118.0 1 828.9721683660437 550 561
3178.108886959437 4336.608886959437 60896133.0 1 818.684641637634 550 617
3202.402959907365 4415.502959907365 60896148.0 1 830.8393870454727 550 669
3186.423368061469 4473.023368061468 60896163.0 1 828.2340865908633 560 679
3142.7438640151845 4502.143864015185 60896178.0 1 835.8090741420453 560 678
3055.1727851377714 4502.772785137771 60896193.0 1 831.825344727164 560 676
2924.2730348307227 4479.673034830723 60896208.0 1 844.6235850513744 560 676
2764.591967797789 4418.691967797789 60896223.0 1 849.0672550082169 560 675
2600.4946647287775 4340.694664728777 60896238.0 1 860.5529242970716 560 681
2445.8933429469407 4251.893342946941 60896253.0 1 860.5911523575843 560 708
2297.2664918883997 4157.8664918884 60896268.0 1 870.9156424498101 570 739
2208.5635621234637 4064.2635621234635 60896283.0 1 866.2782326330862 570 760
2172.894185779343 3990.0941857793428 60896298.0 1 876.1445975242021 570 757
2172.2042781639893 3927.8042781639892 60896313.0 1 874.4444572903157 570 763
2222.0442301359467 3847.444230135947 60896328.0 1 871.967923594034 570 773
2321.136124857105 3767.336124857105 60896343.0 1 883.2497054541892 570 782
2452.7471252583196 3688.9471252583194 60896358.0 1 883.3919200620653 580 788
2636.4748333954312 3620.674833395431 60896373.0 1 888.4789272086174 580 783
2821.1478131709046 3556.8478131709044 60896388.0 1 877.6863853756596 580 785
3005.9411624696686 3485.4411624696686 60896403.0 1 877.1111602777759 580 784
3154.303740192301 3390.2037401923008 60896418.0 1 875.3972417032677 580 796
3239.491113040462 3279.391113040462 60896433.0 1 880.2521778866478 590 790
3282.397040092622 3179.4970400926222 60896448.0 1 871.2258676603611 590 820
3242.376631938471 3069.4766319384707 60896463.0 1 869.5490520276703 590 854
3143.256135984698 2953.5561359846984 60896478.0 1 858.4192149269137 600 900
3004.7272148620805 2853.5272148620807 60896493.0 1 864.015662899898 600 951
2832.5269651691297 2772.32696516913 60896508.0 1 848.8298366527816 610 959
2663.908032202097 2703.808032202097 60896523.0 1 852.6193671009291 610 973
2499.705335271167 2656.5053352711666 60896538.0 1 854.1989511186911 610 979
2362.406657053073 2627.0066570530735 60896553.0 1 856.4618665926444 610 979
2242.9335081116815 2609.7335081116817 60896568.0 1 849.7043888847692 610 961
2148.9364378763657 2604.6364378763656 60896583.0 1 850.3451343935413 610 918
2102.00581422046 2610.90581422046 60896598.0 1 844.9799680664396 610 799
2086.595721835829 2624.195721835829 60896613.0 1 837.7111429087912 620 455
3704.842106349549 3527.0421063495487 60896794.5 0 846.5522046865066 630 561
3892.4410604879245 3480.1410604879247 60896809.5 1 839.1601023891544 630 920
3901.4438691947753 3466.0438691947757 60896824.5 1 841.5953920158133 630 906
3860.519128038227 3448.919128038227 60896839.5 1 857.7249836335615 630 887
3822.085035486565 3350.9850354865653 60896854.5 1 859.6684774427168 620 888
3812.727224576234 3199.5272245762344 60896869.5 1 857.1635150729026 620 896
3822.0018947214407 3096.801894721441 60896884.5 1 855.9059577007654 620 892
3843.023560976261 3016.323560976261 60896899.5 1 870.3880712045991 620 905
3867.540091245379 2951.2400912453786 60896914.5 1 852.4915226123462 620 917
3898.5004730123105 2894.7004730123103 60896929.5 1 867.5354324879063 610 924
3948.62233601082 2865.72233601082 60896944.5 1 865.1993254072876 610 933
4011.6663104777454 2855.966310477745 60896959.5 1 861.1353772903574 610 930
4105.822810553055 2886.4228105530556 60896974.5 1 862.5335644601472 610 930
4200.914123872732 2952.814123872732 60896989.5 1 866.3136171347192 620 915
4294.711351848048 3043.1113518480483 60897004.5 1 876.0965011409708 620 908
4386.362507877989 3138.9625078779886 60897019.5 1 856.3012001229838 620 896
4428.125648445141 3217.825648445142 60897034.5 1 863.2794250575563 620 894
4406.599814948719 3284.499814948719 60897049.5 1 880.5549506521104 630 891
4342.047041363687 3346.647041363687 60897064.5 1 874.5829087486425 630 893
4250.600630337983 3391.0006303379832 60897079.5 1 876.0791170731131 630 897
4144.957893650646 3423.9578936506455 60897094.5 1 867.5262294726955 630 899
4030.1589395122637 3436.558939512264 60897109.5 1 876.852870471757 630 900
3937.856130805366 3435.9561308053662 60897124.5 1 872.4708414237648 630 894
3891.280871961837 3422.980871961837 60897139.5 1 875.4642101263911 630 860
3874.4149645134066 3412.4149645134066 60897154.5 1 874.9535893413841 630 779
3893.5727754238524 3396.5727754238524 60897169.5 1 886.080634114593 620 595
3969.6981052786928 3357.898105278693 60897184.5 1 882.9476410006987 620 190
5257.537492122173 3329.737492122173 60897319.5 0 894.2410700747621 610 533
5465.674351554951 3371.2743515549505 60897334.5 1 898.2006002215448 620 700
5477.400185051284 3433.4001850512836 60897349.5 1 899.2634167605535 620 779
5463.552958636379 3474.1529586363795 60897364.5 1 901.3219483983663 620 787
5432.499369662138 3501.199369662138 60897379.5 1 907.2432126107112 620 808
5411.442106349504 3564.8421063495034 60897394.5 1 913.897111440083 620 818
5382.7410604878805 3597.7410604878805 60897409.5 1 908.9657623529305 620 840
5327.343869194742 3610.2438691947427 60897424.5 1 923.0558335824512 630 887
5257.019128038211 3596.619128038212 60897439.5 1 918.847630590667 630 944
5136.685035486572 3530.8850354865713 60897454.5 1 920.7252722310642 630 980
5030.027224576261 3431.227224576261 60897469.5 1 932.297415008173 630 1023
4931.501894721481 3287.9018947214818 60897484.5 1 934.7063624047807 630 1023
4869.223560976307 3189.223560976307 60897499.5 1 917.5667278486346 630 1023
4858.04009124542 3121.3400912454204 60897514.5 1 924.1890882944574 630 1023
4880.600473012338 3076.700473012338 60897529.5 1 916.9226069520467 630 1023
4921.622336010768 3056.1223360107683 60897544.5 1 923.3729343134382 630 1023
4988.866310477834 3051.966310477834 60897559.5 1 916.9450927485836 630 1023
5073.222810553266 3092.2228105532663 60897574.5 1 902.9613409712059 640 959
5180.914123872688 3149.5141238726887 60897589.5 1 902.4374022796848 640 896
5272.611351848002 3217.4113518480026 60897604.5 1 907.6751375897991 640 828
5353.76250787795 3269.862507877951 60897619.5 1 897.9751904601203 650 818
5410.22564844512 3318.62564844512 60897634.5 1 889.768838233624 650 823
5432.7998149487175 3336.299814948718 60897649.5 1 876.6747202093396 650 867
5432.647041363707 3336.1470413637076 60897664.5 1 885.0137948246283 650 945
5432.200630338019 3321.70063033802 60897679.5 1 885.8274632651954 650 991
5426.587999850124 3282.4879998501237 60897696.0 1 884.515837905581 650 1023
5420.991893119644 3226.4918931196444 60897711.0 1 876.8081105120885 650 1023
5428.106547058799 3155.2065470587995 60897726.0 1 866.800177539482 650 1023
5446.659559471523 3089.7595594715226 60897741.0 1 872.4176803263877 650 1023
5473.226569123902 3028.826569123902 60897756.0 1 858.8116232028069 640 1023
5526.71476748149 2989.91476748149 60897771.0 1 857.6974786166229 640 1023
5595.161331062516 2977.861331062517 60897786.0 1 866.6476656064981 640 977
5674.24711613858 2984.14711613858 60897801.0 1 858.0058582105331 640 853
5758.2226305109125 3020.522630510912 60897816.0 1 874.164343527515 650 620
6034.418928028072 3403.8189280280717 60897906.0 0 886.4948947386281 650 207
6132.480639419668 3506.7806394196673 60897921.0 1 891.9682705513422 650 746
6147.442759421332 3512.6427594213324 60897936.0 1 894.8618147993438 650 891
6139.6007401594525 3519.5007401594526 60897951.0 1 903.5010385376863 650 896
6139.785539979838 3509.1855399798387 60897966.0 1 908.0840962136691 640 952
6143.75687493315 3487.256874933151 60897981.0 1 903.3288314522065 640 1000
6140.912000149333 3413.7120001493327 60897996.0 1 902.6492183554286 640 1023
6131.808106880169 3327.6081068801695 60898011.0 1 912.4295214602522 650 1023
6112.093452941065 3232.2934529410645 60898026.0 1 913.2892443192541 650 1023
6087.940440528422 3147.2404405284215 60898041.0 1 923.5979637626714 650 1023
6060.673430876134 3086.3734308761345 60898056.0 1 924.8796107492772 650 1023
6038.685232518631 3041.285232518631 60898071.0 1 923.6422824418975 650 1023
6029.738668937345 3030.2386689373457 60898086.0 1 923.2701957194942 640 1023
6029.052883861268 3035.8528838612683 60898101.0 1 920.9651533248834 630 1023
6033.9773694889545 3053.3773694889546 60898116.0 1 906.4878655648664 640 1023
6078.259379138594 3134.0593791385936 60898131.0 1 895.7797031431596 640 1023
6149.411827948059 3234.6118279480593 60898146.0 1 911.7998781371656 640 992
6253.788678846523 3348.788678846523 60898161.0 1 922.2709718087984 650 953
6345.873179341091 3457.6731793410904 60898176.0 1 915.139833590356 650 964
6430.481513340692 3514.281513340692 60898191.0 1 921.5023343150154 650 979
6481.581071971734 3535.281071971734 60898206.0 1 920.1313260295962 650 1009
6521.4193605801765 3529.619360580176 60898221.0 1 924.7168825134651 650 1023
6553.3572405785835 3501.3572405785835 60898236.0 1 932.2211128727298 650 1023
6596.899259840553 3457.3992598405534 60898251.0 1 925.69409244575 650 1023
6640.8144600200885 3378.8144600200885 60898266.0 1 918.3049720036192 650 1023
6685.843125066724 3289.443125066724 60898281.0 1 931.0914698660763 650 1023
6729.987999850516 3193.587999850516 60898296.0 1 939.7912744822778 650 1023
6763.591893119687 3106.7918931196873 60898311.0 1 937.5936465033226 650 1023
6789.606547058831 3039.006547058831 60898326.0 1 943.2857781116909 650 1023
6789.259559471536 2984.759559471536 60898341.0 1 940.9075941050045 650 893
6761.226569123894 2947.6265691238937 60898356.0 1 937.1902238202846 650 53
