182
2756.6970400926434 5950.797040092643 91442652.0 0 632.0887582509323 470 245
2825.0911130404593 5979.291113040459 91442667.0 1 633.3894300156401 470 564
2786.8037401922966 5986.503740192296 91442682.0 1 630.206981584305 480 562
2777.741162470358 5991.441162470358 91442697.0 1 643.2517101510961 490 562
2787.547813171224 5990.747813171223 91442712.0 1 655.9936487252562 490 566
2786.9748333956586 5990.1748333956575 91442727.0 1 649.2699067159575 490 592
2795.0471252583184 5980.747125258318 91442742.0 1 662.4784877882656 500 600
2806.9361248571063 5968.8361248571055 91442757.0 1 670.7243308929903 500 606
2828.944230135505 5949.544230135505 91442772.0 1 681.6360863630155 510 603
2856.804278163674 5924.9042781636745 91442787.0 1 675.8893127615796 510 583
2886.894185779 5905.294185779 91442802.0 1 677.8279174560179 520 453
2916.263562123469 5884.263562123469 91442817.0 1 673.0913460495702 520 1
2425.2251666044417 5439.425166604441 91443027.0 0 660.520464235373 510 559
2366.0528747417193 5449.552874741719 91443042.0 1 661.4326508456962 510 592
2335.963875143013 5453.763875143012 91443057.0 1 669.6361694834308 510 597
2318.155769864398 5453.455769864398 91443072.0 1 657.5686827510444 510 588
2317.5957218361864 5445.895721836186 91443087.0 1 657.8454937161318 510 613
2324.6058142208485 5434.705814220848 91443102.0 1 653.0803396848663 510 643
2335.8364378764004 5400.4364378764 91443117.0 1 663.6407983543428 520 658
2352.133508112077 5350.233508112077 91443132.0 1 661.4683020976719 520 661
2375.006657053143 5312.206657053142 91443147.0 1 660.9862410469234 520 659
2398.905335271023 5278.705335271023 91443162.0 1 662.8005315878754 530 627
2426.6080322018047 5247.608032201804 91443177.0 1 663.3918881931835 540 443
2564.7471252582427 5386.4471252582425 91443342.0 0 692.5732924994797 550 297
2636.13612485702 5450.13612485702 91443357.0 1 687.5762996112211 550 314
2642.0442301356984 5484.744230135699 91443372.0 1 687.6235608099761 550 335
2697.9042781639528 5523.804278163952 91443387.0 1 682.1966091260172 540 372
2786.0941857793027 5589.594185779303 91443402.0 1 683.7596349075476 540 422
2889.6635621237297 5656.063562123729 91443417.0 1 700.8497178398028 550 448
2995.8664918880036 5722.366491888003 91443432.0 1 683.8581219954293 550 463
3103.1933429468713 5766.693342946871 91443447.0 1 696.3220902252348 550 475
3196.1946647289205 5807.1946647289205 91443462.0 1 697.9869648898143 550 491
3273.4919677980815 5824.9919677980815 91443477.0 1 706.3036031821605 540 512
3339.373034830762 5828.5730348307625 91443492.0 1 698.2603806222501 540 548
3377.1727851384926 5819.472785138491 91443507.0 1 702.9294297169289 550 572
3398.243864015754 5807.643864015754 91443522.0 1 698.3553865183828 550 608
3407.6233680616238 5793.223368061624 91443537.0 1 705.5308225070997 550 633
3411.7029599073408 5760.202959907341 91443552.0 1 696.7354821769502 550 591
3390.9088869594166 5714.208886959416 91443567.0 1 713.4443740005033 550 418
3353.5962598069077 5630.696259806908 91443582.0 1 701.221997810771 560 95
2497.476465773232 4780.876465773233 91443718.5 0 690.4725210733482 550 610
2351.397052728423 4638.997052728422 91443733.5 1 683.7419508036978 550 628
2324.6016651875593 4635.301665187559 91443748.5 1 693.397030432386 550 553
2331.032895085072 4639.632895085072 91443763.5 1 675.6322865222766 550 561
2359.4621360156325 4649.862136015632 91443778.5 1 671.035204618036 550 574
2409.795819056562 4687.595819056562 91443793.5 1 676.3474827535209 550 592
2494.4958095746592 4742.195809574659 91443808.5 1 660.9340181803389 550 586
2602.209518770126 4807.909518770126 91443823.5 1 665.0859703783676 550 592
2712.503166046218 4879.703166046218 91443838.5 1 665.1123371942817 550 591
2827.3909414331783 4950.490941433179 91443853.5 1 641.932129934734 560 594
2947.5537110423534 5020.253711042354 91443868.5 1 650.9046090474051 560 515
3069.543188003027 5084.143188003027 91443883.5 1 646.4613303598755 560 149
2995.2029472716513 5406.0029472716515 91444033.5 0 686.3609624482616 550 505
2926.7983348124476 5422.298334812447 91444048.5 1 686.731780182684 550 532
2914.767104914865 5422.1671049148645 91444063.5 1 689.7534696826597 550 502
2914.3378639842485 5415.437863984249 91444078.5 1 694.2513319401087 540 566
2934.004180943289 5333.604180943289 91444093.5 1 686.0270241735421 540 616
2942.404190425194 5201.304190425194 91444108.5 1 687.2691446213831 530 663
2941.790481229761 5062.790481229761 91444123.5 1 685.0846929402056 530 707
2967.9968339537277 4922.396833953727 91444138.5 1 680.7667013409025 530 710
2992.4090585668378 4780.909058566837 91444153.5 1 673.9314212407276 540 733
3017.8462889577295 4673.3462889577295 91444168.5 1 683.4906971920805 540 720
3038.656811997104 4582.156811997104 91444183.5 1 674.1538095583618 540 722
3056.829340323763 4502.329340323763 91444198.5 1 671.2303267209135 550 728
3077.1172715378534 4437.917271537853 91444213.5 1 657.2142804798634 550 670
3092.3706456110403 4386.6706456110405 91444228.5 1 666.6590243339249 550 498
2770.2958095749514 4711.395809574952 91444408.5 0 625.3500440486763 550 627
2820.6095187703504 4769.409518770351 91444423.5 1 631.7809924362508 540 719
2790.9031660463256 4764.903166046325 91444438.5 1 640.3521296245694 540 699
2783.990941433222 4764.990941433222 91444453.5 1 638.6488650356148 540 700
2792.153711042187 4764.753711042187 91444468.5 1 639.8419764786555 540 745
2791.6431880027635 4749.543188002764 91444483.5 1 640.4809008682623 540 785
2790.970659676085 4729.970659676084 91444498.5 1 641.4503479171291 540 791
2786.7827284620084 4707.582728462008 91444513.5 1 640.8795793989036 540 803
2775.729354389301 4667.129354389301 91444528.5 1 629.2696374770976 530 799
2752.3311657841446 4617.131165784144 91444543.5 1 636.1082626749682 530 780
2723.653163872242 4561.153163872242 91444558.5 1 641.460220290435 540 684
2691.090553357426 4503.390553357426 91444573.5 1 638.6077506783422 540 448
2948.039339827924 4699.439339827924 91444725.0 0 626.338686249443 540 276
3082.773415225609 4754.373415225608 91444740.0 1 630.322425146214 540 307
3103.7184674890987 4747.318467489098 91444755.0 1 638.1415827185052 540 449
3127.786474508471 4737.086474508471 91444770.0 1 640.3843787306004 540 512
3150.7190142505415 4721.519014250542 91444785.0 1 628.7158106663926 530 622
3171.000000000282 4703.300000000281 91444800.0 1 625.5705269458973 530 665
3187.780985749338 4683.680985749338 91444815.0 1 629.8620993484701 530 672
3200.9135254914495 4664.613525491449 91444830.0 1 628.911004087722 530 675
3211.68153251088 4648.08153251088 91444845.0 1 616.7296091236182 530 641
3220.7265847744325 4632.626584774433 91444860.0 1 632.5951256669308 530 399
3995.136474508522 5607.236474508522 91445310.0 0 734.8655796713489 540 381
4061.0393398282035 5655.639339828203 91445325.0 1 721.7387906864658 540 446
4060.673415225731 5660.17341522573 91445340.0 1 725.3376723318532 540 467
4060.618467489037 5660.118467489036 91445355.0 1 740.1373392729887 550 614
4060.8864745082387 5660.386474508238 91445370.0 1 734.8986662820649 550 699
4057.219014250189 5657.419014250189 91445385.0 1 742.193376881147 550 755
4057.8999999998864 5653.199999999886 91445400.0 1 739.0572945539175 550 791
4041.780985748986 5622.380985748986 91445415.0 1 732.9710731751875 540 791
4018.513525491217 5573.913525491217 91445430.0 1 738.1077981461443 550 785
3966.981532510927 5493.681532510927 91445445.0 1 736.9616683585028 550 739
3908.126584774339 5423.626584774339 91445460.0 1 740.6375491408587 550 574
3844.7606601714624 5360.960660171462 91445475.0 1 718.2106875001757 550 242
3963.976465772993 5320.576465772993 91445581.5 0 718.6467831015534 550 239
4102.535398533464 5378.635398533464 91445596.5 1 721.3432492663899 550 274
4122.830212265216 5389.830212265215 91445611.5 1 720.4873912275364 550 394
4126.9094466422175 5390.409446642217 91445626.5 1 709.2144088785752 560 611
4127.246836127618 5387.246836127617 91445641.5 1 704.6432215242687 560 664
4120.268834215963 5382.368834215962 91445656.5 1 701.3850792159546 560 659
4089.8706456110294 5342.870645611029 91445671.5 1 711.1362646353141 560 539
4040.317271538474 5280.017271538474 91445686.5 1 713.0523201955391 560 324
3958.409058566836 5182.709058566836 91445746.5 0 693.5332652224522 560 176
4042.4968339534867 5196.0968339534875 91445761.5 1 710.7492789571679 570 415
4069.4904812297736 5181.790481229773 91445776.5 1 714.4500588280421 570 561
4084.10419042521 5161.40419042521 91445791.5 1 707.8365729793094 570 700
4093.904180943306 5124.304180943306 91445806.5 1 708.0927069393573 570 763
4100.137863984807 5075.237863984807 91445821.5 1 705.6626318875516 570 779
4100.567104914872 5031.567104914872 91445836.5 1 710.3673557795677 570 780
4095.7983348124467 4998.098334812446 91445851.5 1 713.7328404827036 570 771
4092.102947271643 4970.602947271643 91445866.5 1 707.5495913109658 570 667
4097.22353422688 4933.02353422688 91445881.5 1 713.8512720472971 570 438
4286.49581905723 5426.095819057229 91446106.5 0 706.2500777389884 530 713
4285.862136015619 5425.462136015619 91446121.5 1 704.1146739013925 530 690
4252.532895085353 5418.032895085353 91446136.5 1 691.7357538013025 520 664
4252.40166518756 5417.90166518756 91446151.5 1 695.6406450919693 520 670
4257.497052728432 5429.997052728431 91446166.5 1 702.2439212041565 530 679
4285.276465773246 5450.776465773246 91446181.5 1 706.8338017309732 530 678
4327.935398533765 5495.535398533765 91446196.5 1 698.8725975183545 530 675
4395.130212265498 5543.130212265498 91446211.5 1 716.5427231471034 530 662
4462.2094466424205 5592.7094466424205 91446226.5 1 716.0008930827634 530 513
4539.890481229481 5568.890481229481 91446376.5 0 724.543114083647 560 659
4520.904190424829 5520.504190424829 91446391.5 1 717.1005283130173 550 645
4511.804180942919 5521.204180942918 91446406.5 1 720.3698394176398 550 645
4516.637863984499 5514.837863984499 91446421.5 1 721.5647865445469 550 770
4524.767104914709 5481.667104914709 91446436.5 1 725.0921283769019 550 817
4532.598334812465 5428.598334812465 91446451.5 1 712.0523628186655 560 855
4539.4029472718385 5366.102947271838 91446466.5 1 712.4416596401348 560 905
4546.623534227209 5306.123534227209 91446481.5 1 707.5004371716332 560 900
4554.364601466778 5247.364601466778 91446496.5 1 719.3421843529203 560 908
4562.069787735012 5194.1697877350125 91446511.5 1 710.634043513722 560 909
4567.090553357477 5143.890553357477 91446526.5 1 715.5342133827778 570 855
4570.253163872262 5096.653163872262 91446541.5 1 714.4586743219724 570 589
4616.756135984653 5224.3561359846535 91446678.0 0 710.6838178760389 580 737
4627.327214862024 5251.727214862024 91446693.0 1 721.5078823515652 580 730
4622.4269651697505 5260.126965169751 91446708.0 1 712.2171263315878 580 737
4633.708032202316 5266.508032202316 91446723.0 1 711.544999147329 580 739
4649.4053352712735 5287.805335271274 91446738.0 1 710.6780490014031 580 734
4675.906657053079 5311.506657053079 91446753.0 1 718.5237080731335 580 727
4709.033508111712 5336.233508111713 91446768.0 1 719.7397279693462 580 661
4741.736437875814 5347.936437875814 91446783.0 1 716.8679593432893 580 294
4475.702959907365 5352.1029599073645 91446948.0 0 703.0513714989592 560 346
4426.123368061473 5343.123368061473 91446963.0 1 727.2328765728463 560 765
4402.743864015462 5329.5438640154625 91446978.0 1 723.9523737991502 560 743
4395.672785138123 5325.272785138122 91446993.0 1 736.4285565752211 560 745
4399.873034830396 5288.873034830396 91447008.0 1 721.1922192278004 560 752
4400.491967797798 5230.691967797798 91447023.0 1 726.7936122225519 560 751
4400.894664728781 5162.494664728781 91447038.0 1 728.3958158627507 560 727
4393.993342946907 5094.693342946907 91447053.0 1 717.2553207047494 560 636
4397.2664918882065 5026.566491888206 91447068.0 1 726.7643280988282 560 513
4386.263562124055 4954.663562124055 91447083.0 1 722.060236628633 560 371
4365.99418577968 4881.19418577968 91447098.0 1 728.9949491573992 560 339
4333.1042781643 4821.7042781642995 91447113.0 1 716.1892571425626 560 415
4301.74423013594 4773.54423013594 91447128.0 1 718.7856517963287 560 526
4271.336124857103 4748.736124857102 91447143.0 1 710.0764929601352 570 647
4248.247125258149 4738.247125258149 91447158.0 1 708.7145695634218 580 771
4239.4748333952075 4738.574833395208 91447173.0 1 694.5085320198216 580 770
4240.0478131705895 4739.14781317059 91447188.0 1 703.0991078128022 580 763
4245.64116246968 4739.84116246968 91447203.0 1 696.182449193545 580 773
4291.103740192311 4766.403740192311 91447218.0 1 694.5675145663779 580 779
4362.291113040113 4804.691113040112 91447233.0 1 696.4244576253677 580 784
4470.297040092644 4844.797040092644 91447248.0 1 698.0685190093245 580 787
4577.976631938466 4884.576631938467 91447263.0 1 699.8499569803324 580 791
4686.75613598442 4921.25613598442 91447278.0 1 697.4795202267381 580 797
4783.427214861728 4953.527214861729 91447293.0 1 697.163705831733 590 799
4871.626965169457 4974.526965169457 91447308.0 1 702.3491006703332 590 812
4936.808032202088 4990.0080322020885 91447323.0 1 703.392329548801 590 828
4986.805335271162 4998.005335271162 91447338.0 1 696.5631208387082 590 840
5027.306657053106 5002.806657053106 91447353.0 1 714.7212093165139 600 860
5042.933508111874 5003.033508111874 91447368.0 1 707.9709587091926 600 861
5048.336437876074 5003.536437876074 91447383.0 1 708.71798221815 600 888
5049.005814220471 5004.2058142204705 91447398.0 1 708.0089729520313 600 897
5045.495721835839 5004.895721835838 91447413.0 1 700.1262541407173 600 896
5046.055769864156 5005.455769864156 91447428.0 1 700.7845175002077 600 863
5046.36387514293 5005.7638751429295 91447443.0 1 723.1834237653812 600 670
5040.052874741813 5005.752874741813 91447458.0 1 717.9874237727292 600 78
