125
2292.598334812444 4473.7983348124435 46969648.5 0 908.8855703935103 370 495
2355.4671049148938 4386.167104914894 46969663.5 1 905.4454240996773 370 499
2355.0378639845762 4431.237863984576 46969678.5 1 905.2467998964562 380 517
2362.804180943016 4538.4041809430155 46969693.5 1 917.2787489599121 380 512
2379.604190425262 4537.704190425261 46969708.5 1 905.2825635774832 390 513
2493.090481229813 4540.590481229813 46969723.5 1 904.5409459615306 390 512
2638.9968339537522 4535.996833953753 46969738.5 1 913.8678608628288 400 518
2806.909058566792 4551.3090585667915 46969753.5 1 902.4125656820185 400 516
2952.7462889578833 4580.946288957883 46969768.5 1 897.1208230079808 410 512
3046.3568119970437 4604.556811997043 46969783.5 1 899.2880874626939 420 485
3104.429340323694 4624.129340323693 46969798.5 1 895.5201530813172 420 346
2896.4764657730375 4561.776465773037 46969918.5 0 876.235261126874 460 376
2826.6970527284807 4351.297052728481 46969933.5 1 882.0547342762618 460 431
2815.3016651875646 4328.701665187565 46969948.5 1 880.9122589361597 460 486
2807.7328950850247 4244.132895085025 46969963.5 1 885.931399007109 460 516
2803.2621360152693 4086.3621360152692 46969978.5 1 880.4699870300544 460 537
2815.7958190567906 3880.4958190567904 46969993.5 1 880.818827020348 470 550
2833.9958095748843 3622.895809574884 46970008.5 1 875.2394141268155 470 565
2856.3095187702984 3396.0095187702987 46970023.5 1 873.2339031321839 470 595
2866.503166046301 3189.903166046301 46970038.5 1 872.6031138853892 470 624
2845.5909414331913 3056.9909414331914 46970053.5 1 865.8910660371557 470 661
2803.3537110420334 2941.9537110420333 46970068.5 1 875.5199432242396 470 670
2707.6431880028244 2838.5431880028245 46970083.5 1 869.5036544154092 480 667
2564.8706596761544 2738.4706596761544 46970098.5 1 865.8277747380024 480 670
2389.8827284620725 2675.4827284620724 46970113.5 1 863.3921733040149 490 664
2229.7293543891265 2637.1293543891265 46970128.5 1 875.4864953941502 490 656
2106.231165784088 2672.531165784088 46970143.5 1 854.8387691661794 500 600
2007.5531638722234 2722.9531638722233 46970158.5 1 856.583408484291 500 516
1967.990553357379 2784.190553357379 46970173.5 1 866.5556571491965 500 399
2001.4697877342235 2830.9697877342237 46970188.5 1 855.3377049265584 500 186
3247.690481229847 3406.5904812298472 46970323.5 0 859.1903001716393 510 522
3405.4968339537686 3294.196833953769 46970338.5 1 855.4388359745502 510 538
3405.4090585667864 3262.6090585667866 46970353.5 1 859.903171312534 510 545
3416.8462889578577 3248.8462889578577 46970368.5 1 848.2763120077174 510 561
3455.856811997307 3135.256811997307 46970383.5 1 853.8119348334608 510 570
3514.6293403239965 3028.1293403239965 46970398.5 1 852.0569131008136 520 567
3541.2172715380657 2924.5172715380654 46970413.5 1 861.3077225510152 520 588
3574.6706456109678 2892.8706456109676 46970428.5 1 867.3709937583629 520 616
3612.0688342159424 2893.1688342159423 46970443.5 1 866.0503122778341 520 627
3656.846836127736 2908.5468361277362 46970458.5 1 859.6490472295742 520 622
3705.5094466425185 2963.5094466425185 46970473.5 1 852.6166736227876 520 581
3728.030212265634 3052.5302122656344 46970488.5 1 859.4478999566963 530 501
3731.5353985335623 3163.8353985335625 46970503.5 1 863.8852138803857 530 491
3686.7764657730763 3275.8764657730762 46970518.5 1 854.2178863853505 530 509
3620.497052728503 3348.8970527285032 46970533.5 1 859.9451105252842 530 535
3539.101665187567 3397.001665187567 46970548.5 1 857.4216295027536 530 540
3459.4328950850054 3374.0328950850053 46970563.5 1 853.5955998276813 530 548
3381.4621360155056 3310.762136015506 46970578.5 1 874.8535161587482 530 564
3323.995819057087 3221.095819057087 46970593.5 1 863.3057903054239 530 586
3279.89580957484 3151.7958095748395 46970608.5 1 869.3989239566474 530 588
3271.409518770264 3106.2095187702644 46970623.5 1 873.4955416375841 530 603
3290.0031660462846 3076.5031660462846 46970638.5 1 863.672148477933 520 627
3325.790941433196 3071.6909414331963 46970653.5 1 863.4506758140748 520 638
3415.1537110420586 3116.953711042059 46970668.5 1 860.8946592319107 520 641
3560.243188002865 3195.5431880028646 46970683.5 1 856.3862235984363 520 641
3742.9706596762007 3308.270659676201 46970698.5 1 861.3195376207593 520 638
3934.082728462114 3420.982728462114 46970713.5 1 856.902148474687 520 639
4073.5293543891557 3533.829354389156 46970728.5 1 850.3900255722452 520 641
4178.231165784097 3564.3311657840973 46970743.5 1 864.0513558089029 520 645
4225.853163872303 3545.4531638723033 46970758.5 1 879.4543702353363 520 637
4252.790553357583 3494.6905533575828 46970773.5 1 880.3985514404316 520 661
4265.969787734507 3395.169787734507 46970788.5 1 872.2656551498155 530 666
4249.864601466588 3276.164601466588 46970803.5 1 871.5421415645103 530 679
4222.52353422705 3144.5235342270503 46970818.5 1 870.9510688969093 530 696
4186.602947271572 3038.6029472715713 46970833.5 1 881.3941267309194 530 728
4160.1983348124395 2968.79833481244 46970848.5 1 873.8832034750188 530 733
4136.967104914931 2923.1671049149318 46970863.5 1 878.8131900759934 530 727
4130.237863984648 2916.437863984648 46970878.5 1 881.1565621881333 530 730
4133.804180943106 2930.504180943106 46970893.5 1 884.9852997883362 540 717
4150.604190425351 2958.5041904253503 46970908.5 1 896.7674596545797 540 699
4206.690481229882 3060.0904812298813 46970923.5 1 903.308292102881 540 699
4289.596833953785 3156.296833953785 46970938.5 1 901.7346418199847 540 700
4358.80905856682 3248.6090585668203 46970953.5 1 890.9084827272613 550 699
4392.41846748908 3265.4184674890803 46970955.0 1 891.3297769578236 550 700
4392.686474508403 3265.6864745084026 46970970.0 1 882.9313801400061 550 717
4412.119014250437 3224.219014250438 46970985.0 1 885.1694061917832 550 731
4424.699999999816 3167.4999999998167 46971000.0 1 887.2300661834674 550 728
4437.980985749546 3100.280985749546 46971015.0 1 886.915482859417 550 739
4473.51352549138 3025.9135254913813 46971030.0 1 896.0397235922221 550 746
4511.5815325108615 2969.481532510862 46971045.0 1 900.6533016996435 550 754
4567.526584774468 2942.1265847744685 46971060.0 1 901.8318339665844 550 753
4632.960660172006 2934.760660172006 46971075.0 1 891.5689469581355 560 753
4732.46352549176 2966.3635254917594 46971090.0 1 891.42623662409 560 750
4845.865348302534 3034.9653483025336 46971105.0 1 877.6807349485639 560 750
4968.418322121547 3128.1183221215474 46971120.0 1 886.8489811282755 560 760
5072.963490213658 3230.5634902136585 46971135.0 1 880.0183128641597 560 754
5150.5 3334.0 46971150.0 1 877.2507777927437 560 751
5210.163490213719 3437.7634902137197 46971165.0 1 894.3537292052386 560 749
5217.618322121373 3500.5183221213733 46971180.0 1 889.9961112162403 560 749
5185.365348302321 3531.2653483023214 46971195.0 1 882.0521702670922 560 739
5125.863525491555 3541.063525491555 46971210.0 1 898.6440642821409 550 731
5024.260660171607 3508.060660171607 46971225.0 1 899.1755030164439 550 730
4925.926584774402 3432.8265847744015 46971240.0 1 908.8433339119052 550 728
4828.68153251095 3329.28153251095 46971255.0 1 898.5444425533561 550 736
4764.013525491712 3224.013525491713 46971270.0 1 899.8204760654493 550 745
4745.280985749426 3114.9809857494265 46971285.0 1 906.129442224609 540 750
4757.200000000032 3028.2000000000317 46971300.0 1 913.0710934175933 550 768
4823.019014250319 2958.2190142503187 46971315.0 1 912.9408574024885 550 784
4912.086474508529 2934.586474508529 46971330.0 1 915.842730619605 550 784
5016.818467489114 2958.818467489114 46971345.0 1 910.0653382870166 550 784
5161.773415225578 3015.573415225578 46971360.0 1 914.3842796595632 550 780
5315.439339828101 3127.939339828101 46971375.0 1 904.6787379815689 550 759
5474.936474508384 3255.936474508384 46971390.0 1 906.2513628676187 560 761
5635.234651697271 3394.5346516972704 46971405.0 1 909.4993459916961 560 757
5779.381677878292 3540.781677878292 46971420.0 1 916.304754286468 560 759
5912.136509786251 3671.4365097862515 46971435.0 1 910.3337344163075 560 763
5987.9 3740.8999999999996 46971450.0 1 916.1210329890749 560 771
6021.33650978637 3774.33650978637 46971465.0 1 930.776231332275 560 770
6026.481677878503 3773.8816778785035 46971480.0 1 914.3659211858755 560 777
6025.834651697528 3747.334651697529 46971495.0 1 928.2830907174376 560 787
6018.1364745083 3706.7364745083005 46971510.0 1 925.441092274065 560 788
6004.9393398282855 3644.539339828286 46971525.0 1 917.7819802073169 560 794
6012.9734152255505 3582.5734152255513 46971540.0 1 917.068155485394 560 821
6053.518467489073 3519.5184674890734 46971555.0 1 940.9131918755442 570 858
6116.086474508375 3453.2864745083757 46971570.0 1 938.4807935045777 570 878
6195.019014250397 3376.119014250397 46971585.0 1 943.9528000136008 560 894
6271.999999999771 3293.4999999997704 46971600.0 1 945.8941187545279 560 892
6348.280985749504 3219.280985749505 46971615.0 1 948.8415775395093 560 897
6379.613525491354 3143.513525491354 46971630.0 1 950.1384104528645 560 902
6369.381532510854 3064.6815325108546 46971645.0 1 952.525840508505 560 906
6330.826584774374 2984.126584774375 46971660.0 1 967.3076116619069 560 902
6248.560660171792 2927.7606601717916 46971675.0 1 946.6405231818813 570 896
6135.963525491472 2887.2635254914717 46971690.0 1 956.7526695642335 570 866
6002.9653483025795 2870.465348302579 46971705.0 1 957.1238339263056 570 768
5861.618322121585 2874.7183221215846 46971720.0 1 944.2885999679302 570 312
