139
3091.0537110419336 3268.1537110419335 91592431.5 0 708.7588683479726 480 279
3039.4909414331714 3268.390941433171 91592446.5 1 718.7804672291918 480 330
3039.4031660462415 3273.9031660462415 91592461.5 1 715.0555573784278 480 319
3039.009518770175 3273.509518770175 91592476.5 1 703.1053863620722 490 334
3064.295809574722 3282.6958095747223 91592491.5 1 702.7387621180472 490 364
3102.79581905731 3298.0958190573097 91592506.5 1 692.5018488312572 490 389
3167.2621360156836 3328.2621360156836 91592521.5 1 693.1840531015631 490 391
3241.032895085099 3364.2328950850992 91592536.5 1 695.4363570175245 490 392
3321.401665187556 3404.0016651875562 91592551.5 1 685.5414018687261 490 396
3378.9970527283904 3433.5970527283903 91592566.5 1 689.400859303388 500 254
3353.0233680615975 3619.7233680615977 91592763.0 0 689.8260194361824 490 422
3337.3438640157033 3671.943864015703 91592778.0 1 690.746164139557 490 443
3324.672785137747 3678.1727851377464 91592793.0 1 693.8272510682737 490 455
3309.2730348306986 3678.8730348306985 91592808.0 1 694.7878610515386 490 463
3309.891967798032 3629.0919677980323 91592823.0 1 693.863020279306 490 481
3297.6946647288964 3551.7946647288964 91592838.0 1 687.9085692900536 490 514
3272.5933429468773 3423.0933429468773 91592853.0 1 689.4556682884464 490 539
3260.4664918884127 3297.5664918884127 91592868.0 1 677.3083933783914 490 591
3251.5635621237857 3173.863562123786 91592883.0 1 698.1075203355297 490 606
3257.1941857793677 3095.4941857793674 91592898.0 1 699.8555676225694 500 617
3270.5042781640127 3032.5042781640127 91592913.0 1 691.5875972671294 500 637
3291.64423013574 2980.8442301357404 91592928.0 1 686.3599314796189 500 647
3313.7361248571865 2946.9361248571863 91592943.0 1 681.9412533657999 510 646
3338.2471252582263 2928.7471252582263 91592958.0 1 686.1265807103395 510 650
3361.6748333954147 2922.0748333954148 91592973.0 1 688.7413188458293 510 637
3390.2478131708813 2919.1478131708814 91592988.0 1 684.9273354010701 510 569
3435.0411624699914 2935.9411624699915 91593003.0 1 683.8818731794175 520 122
3812.2053352710473 3480.405335271047 91593138.0 0 687.8212982374562 530 473
3812.1066570531366 3480.3066570531364 91593153.0 1 695.5883503004593 520 489
3755.6335081116677 3471.433508111668 91593168.0 1 692.7012345367655 520 546
3718.3364378763445 3416.636437876344 91593183.0 1 695.656449197975 520 644
3677.005814220783 3342.405814220783 91593198.0 1 700.2209787173498 520 717
3633.595721836126 3260.495721836126 91593213.0 1 697.9137464517707 520 752
3590.055769864356 3182.6557698643564 91593228.0 1 701.9697553354065 520 755
3572.8638751428457 3131.8638751428457 91593243.0 1 693.5923220755681 520 751
3572.8528747417354 3097.5528747417356 91593258.0 1 696.1619185329827 520 742
3588.6251666044845 3066.4251666044847 91593273.0 1 699.9559158322569 520 727
3609.0521868289775 3053.2521868289778 91593288.0 1 698.8883032150263 520 721
3656.6588375298575 3052.5588375298576 91593303.0 1 692.8759065488292 520 664
3723.1962598078862 3086.1962598078867 91593318.0 1 692.8377589973085 530 533
3805.308886959651 3166.208886959651 91593333.0 1 690.0598740447523 530 450
3868.8029599073698 3276.60295990737 91593348.0 1 693.9587886304566 530 447
3920.723368061441 3376.123368061441 91593363.0 1 689.7993172111442 530 533
3935.8438640153986 3419.2438640153987 91593378.0 1 701.5618742362502 530 688
3936.472785137361 3424.072785137361 91593393.0 1 697.0751258638381 530 722
3933.673034830316 3424.7730348303157 91593408.0 1 683.1826795832029 530 725
3934.2919677977357 3419.091967797736 91593423.0 1 690.2857621843855 530 754
3922.794664728751 3378.894664728751 91593438.0 1 684.0629039700791 530 753
3905.3933429469143 3314.5933429469146 91593453.0 1 684.2558700456813 530 757
3905.1664918886245 3262.5664918886246 91593468.0 1 687.024634230184 530 754
3904.663562124126 3210.9635621241264 91593483.0 1 696.7198769055931 530 761
3908.1941857790653 3163.394185779065 91593498.0 1 700.4827697531663 530 754
3922.904278163734 3125.6042781637343 91593513.0 1 692.4171022756381 530 740
3943.344230135992 3091.4442301359923 91593528.0 1 686.1577389479047 530 717
3964.7361248571206 3073.6361248571206 91593543.0 1 688.4899287343782 530 515
3985.0471252583015 3066.647125258302 91593558.0 1 682.1070724499328 530 27
4216.972775423637 3773.1727754236367 91593769.5 0 686.8063976074476 510 727
4232.898105278362 3806.598105278362 91593784.5 1 687.8246234461941 510 763
4214.676439023865 3819.176439023865 91593799.5 1 690.120183657024 500 754
4210.459908754107 3819.8599087541074 91593814.5 1 704.4480173792743 500 757
4215.199526987765 3820.399526987765 91593829.5 1 690.614440694692 500 745
4215.477663989262 3820.6776639892614 91593844.5 1 698.4245906850778 500 595
4215.433689522114 3820.6336895221143 91593859.5 1 701.9830763829366 500 245
4071.8001850512733 3516.7001850512734 91593949.5 0 723.318747267619 520 453
4060.0529586362145 3468.5529586362145 91593964.5 1 716.1475682226991 530 537
4060.499369661838 3468.999369661838 91593979.5 1 726.185555256194 530 551
4061.1421063494786 3469.6421063494786 91593994.5 1 730.6646078989024 540 636
4085.641060487857 3494.841060487857 91594009.5 1 740.1701387828019 540 664
4116.343869194976 3520.6438691949757 91594024.5 1 722.883384834757 540 670
4150.319128038091 3547.6191280380904 91594039.5 1 730.2139902127611 540 670
4179.785035486625 3569.385035486624 91594054.5 1 746.4451262579669 530 676
4205.427224576276 3576.1272245762752 91594069.5 1 730.0579223929063 530 681
4222.401894721504 3575.6018947215034 91594084.5 1 740.3409703816911 530 690
4232.923560975983 3553.223560975983 91594099.5 1 733.9436037948077 530 700
4238.540091245756 3497.9400912457563 91594114.5 1 740.4315764293273 540 708
4227.500473012563 3419.000473012563 91594129.5 1 734.9444694265095 540 722
4218.122336010832 3343.1223360108324 91594144.5 1 740.8976619015766 550 724
4210.466310477725 3280.8663104777243 91594159.5 1 741.0932779142418 550 731
4215.7228105532495 3227.322810553249 91594174.5 1 742.6975447592546 550 730
4223.3141238720045 3186.6141238720043 91594189.5 1 727.2459576870873 560 728
4235.211351847978 3156.511351847978 91594204.5 1 731.2475759600546 560 725
4247.762507878216 3134.062507878216 91594219.5 1 740.0969511823831 560 589
4402.472775423811 3481.9727754238115 91594369.5 0 725.5545885290553 540 655
4452.69810527863 3521.6981052786296 91594384.5 1 713.6620772392672 540 664
4453.376439024168 3517.4764390241685 91594399.5 1 717.5791618671345 540 679
4450.55990875438 3518.1599087543796 91594414.5 1 721.4780534669413 540 690
4451.0995269875275 3514.4995269875276 91594429.5 1 729.8501047316881 540 721
4451.377663989193 3479.777663989193 91594444.5 1 741.4428858122363 540 739
4451.33368952223 3423.7336895222306 91594459.5 1 734.2153139460519 540 749
4443.277189446645 3350.577189446645 91594474.5 1 728.9868213507972 540 760
4430.785876127851 3296.0858761278523 91594489.5 1 728.7232823186953 540 760
4425.188648152563 3253.3886481525633 91594504.5 1 730.7626025239317 540 760
4424.537492122231 3231.7374921222313 91594519.5 1 725.4462924649796 540 752
4424.074351554984 3221.4743515549835 91594534.5 1 730.3073498940768 550 751
4423.90018505128 3221.300185051279 91594549.5 1 722.7206559974495 550 752
4424.052958636041 3221.4529586360404 91594564.5 1 722.6666653522641 550 757
4428.69936966208 3241.4993696620804 91594579.5 1 722.9727608024176 550 734
4435.642106349777 3272.2421063497777 91594594.5 1 724.477434609894 550 719
4462.941060488147 3377.941060488147 91594609.5 1 712.7070823121062 550 696
4503.443869195193 3481.4438691951927 91594624.5 1 715.3866502945752 550 696
4538.119128038189 3543.419128038189 91594639.5 1 720.4462818183488 550 702
4559.885035486582 3578.4850354865816 91594654.5 1 724.7847037489181 550 694
4572.227224576101 3588.727224576101 91594669.5 1 723.5250520037505 550 699
4580.101894721236 3588.2018947212355 91594684.5 1 720.5298758005288 550 717
4587.823560975679 3578.4235609756797 91594699.5 1 719.4756736456128 550 725
4595.540091245484 3544.1400912454837 91594714.5 1 718.6729658677351 550 739
4601.300473012381 3496.700473012381 91594729.5 1 723.7551650013193 550 763
4604.52233601078 3440.4223360107803 91594744.5 1 729.2074085371969 550 767
4604.566310477814 3385.1663104778136 91594759.5 1 720.633234334537 550 760
4614.72281055346 3343.52281055346 91594774.5 1 723.3711713264137 550 765
4629.31412387229 3311.2141238722907 91594789.5 1 724.8477901779322 550 768
4652.411351847587 3291.6113518475863 91594804.5 1 723.1114687602601 550 790
4678.962507877892 3284.5625078778926 91594819.5 1 726.5735870745982 550 802
4719.325648445087 3285.025648445087 91594834.5 1 724.5709911119335 540 820
4769.199814948723 3304.7998149487225 91594849.5 1 720.357737168387 540 818
4825.047041363892 3351.5470413638923 91594864.5 1 717.0691476911426 550 814
4877.800630338356 3416.200630338356 91594879.5 1 720.9233857731913 550 791
4919.157893650761 3486.257893650761 91594894.5 1 712.6937809688458 550 728
4954.158939512376 3561.158939512376 91594909.5 1 723.2355925264892 550 696
4969.6561308052 3638.956130805199 91594924.5 1 723.0529226605169 560 697
4969.280871961988 3677.0808719619877 91594939.5 1 732.1823869193432 560 697
4956.614964513439 3692.4149645134394 91594954.5 1 724.1074360597644 560 696
4933.772775423986 3692.6727754239855 91594969.5 1 729.4843936076055 560 702
4893.698105278898 3672.8981052788977 91594984.5 1 730.7219177679406 570 733
4841.876439023773 3642.7764390237726 91594999.5 1 725.0663120073333 570 725
4823.659908754652 3605.6599087546515 91595014.5 1 741.7213694776746 570 739
4817.89952698771 3556.4995269877095 91595029.5 1 741.4329278956769 570 742
4818.177663989245 3507.0776639892456 91595044.5 1 737.3557701339055 570 740
4828.633689522141 3465.7336895221415 91595059.5 1 752.1641621818861 580 743
4850.626820659071 3430.3268206590715 91595076.0 1 766.1742501359756 570 757
4880.818486659186 3397.5184866591862 91595091.0 1 759.7575880273628 570 750
4914.418928028142 3372.3189280281413 91595106.0 1 765.9862029788404 570 756
4948.080639419448 3352.080639419448 91595121.0 1 768.7161129520968 570 763
4981.94275942151 3339.7427594215114 91595136.0 1 765.0102590058518 570 773
5016.100740159439 3339.6007401594393 91595151.0 1 757.7566642576612 570 779
5049.185539979804 3343.985539979804 91595166.0 1 753.7172574928729 570 784
5086.056874933091 3354.9568749330915 91595181.0 1 767.5900752106045 570 754
5123.112000149608 3378.012000149609 91595196.0 1 760.8671802947792 570 676
5160.208106879774 3408.808106879774 91595211.0 1 761.4133830180709 570 480
