178
3011.4688342159684 3450.368834215968 102722656.5 0 679.7469926138863 570 235
2976.8706456110467 3414.3706456110467 102722671.5 1 675.0701473414276 580 310
2940.617271538499 3392.817271538499 102722686.5 1 690.6177035697294 590 359
2916.829340324471 3382.329340324471 102722701.5 1 685.3093543227525 590 367
2900.75681199772 3372.5568119977197 102722716.5 1 681.5522359900107 590 379
2889.746288958119 3364.3462889581187 102722731.5 1 690.3261093777768 590 428
2881.8090585668388 3364.109058566839 102722746.5 1 678.9450375618709 590 455
2881.896833953477 3369.7968339534773 102722761.5 1 700.0980893799555 580 477
2912.3904812297537 3384.8904812297537 102722776.5 1 694.5224037472282 580 502
2964.1041904251847 3440.1041904251847 102722791.5 1 694.0588819991845 580 514
3054.4041809432792 3515.004180943279 102722806.5 1 696.6943687516371 580 513
3165.6378639847862 3602.437863984786 102722821.5 1 698.7686344518708 580 565
3289.967104914861 3696.667104914861 102722836.5 1 705.2671583189366 580 592
3432.898334812448 3793.398334812448 102722851.5 1 702.064810494221 580 594
3572.7029472716567 3891.902947271657 102722866.5 1 704.6774344473174 580 595
3710.823534226902 3977.5235342269025 102722881.5 1 708.2151674485448 580 603
3815.164601466412 4033.564601466412 102722896.5 1 711.8633338622471 580 608
3873.269787734668 4070.6697877346683 102722911.5 1 696.5335362469616 580 611
3900.690553357699 4080.5905533576993 102722926.5 1 702.2615800978388 580 619
3887.753163872349 4069.0531638723487 102722941.5 1 700.922313933677 580 572
3840.8311657840623 4043.8311657840623 102722956.5 1 697.7955862121788 580 369
3511.6621360156405 4816.462136015641 102723121.5 0 734.2722217287576 550 110
3516.132895085364 4724.332895085364 102723136.5 1 743.1847371253956 540 306
3479.601665187559 4701.101665187558 102723151.5 1 744.114172332444 530 453
3469.9970527284177 4630.597052728418 102723166.5 1 753.105572885303 530 591
3459.9764657732235 4529.576465773223 102723181.5 1 756.8104494666842 530 673
3449.435398533738 4384.635398533737 102723196.5 1 756.1111795097174 520 702
3453.6302122654733 4166.930212265473 102723211.5 1 759.174787403104 520 724
3470.3094466424027 3900.1094466424024 102723226.5 1 764.1776917460304 520 730
3495.8468361276905 3654.0468361276908 102723241.5 1 782.1106584197122 520 730
3527.368834215906 3448.2688342159063 102723256.5 1 751.5199352008349 520 730
3552.270645610857 3268.770645610857 102723271.5 1 752.5440824954462 530 737
3572.0172715382228 3187.0172715382228 102723286.5 1 738.4348976616927 540 748
3585.3293403241682 3129.6293403241684 102723301.5 1 731.3565446726716 550 758
3590.256811997456 3088.3568119974566 102723316.5 1 724.8764973080985 550 779
3589.746288957952 3082.946288957952 102723331.5 1 713.152738992755 560 805
3589.5090585668054 3086.9090585668055 102723346.5 1 698.9506988456185 570 800
3577.6968339535847 3098.1968339535847 102723361.5 1 684.5838266976665 580 760
3563.390481229461 3144.090481229461 102723376.5 1 676.0796863665663 580 628
3554.204190424803 3218.204190424803 102723391.5 1 657.1074883994735 580 218
3535.0933429469383 3531.5933429469383 102723453.0 0 622.1853984758961 590 240
3526.4664918883836 3667.8664918883837 102723468.0 1 631.3657351785882 590 442
3515.4635621243397 3689.0635621243396 102723483.0 1 640.5120418240862 590 550
3502.1941857793126 3688.3941857793125 102723498.0 1 624.1309828213564 590 586
3477.704278163962 3679.304278163962 102723513.0 1 631.6576703564858 590 592
3438.644230135705 3620.644230135705 102723528.0 1 625.2906338961063 590 594
3390.0361248570225 3530.7361248570223 102723543.0 1 631.1514411359626 590 594
3323.54712525824 3400.54712525824 102723558.0 1 643.8545044913146 590 589
3250.3748333954513 3262.274833395451 102723573.0 1 639.4978111192919 590 592
3171.847813170932 3119.347813170932 102723588.0 1 652.7770627956683 590 600
3110.941162470046 3024.1411624700463 102723603.0 1 639.3017561764229 580 613
3089.2037401926214 2986.3037401926217 102723618.0 1 639.9612198601518 580 616
3093.1911130402996 2986.7911130403 102723633.0 1 634.4349725559397 580 630
3147.997040092624 3039.497040092624 102723648.0 1 630.7360688399883 580 641
3255.6766319385974 3144.3766319385977 102723663.0 1 639.2233599197783 580 638
3398.056135984675 3283.256135984675 102723678.0 1 637.8939951220308 570 641
3533.927214862051 3425.427214862051 102723693.0 1 623.0621527523659 570 649
3684.426965169777 3563.326965169777 102723708.0 1 644.8348112355311 570 728
3845.508032202336 3662.808032202336 102723723.0 1 636.550916712278 570 737
3978.105335271284 3738.005335271284 102723738.0 1 639.0493063774301 570 736
4068.306657053076 3769.406657053076 102723753.0 1 643.9210122348015 570 733
4130.8335081116975 3747.9335081116974 102723768.0 1 633.6641390850003 570 733
4131.33643787579 3691.0364378757904 102723783.0 1 639.6943148344595 570 708
4065.505814220141 3583.205814220141 102723798.0 1 633.8177998969428 580 659
3962.595721835535 3450.1957218355356 102723813.0 1 629.9445266990117 580 646
3851.155769863946 3300.955769863946 102723828.0 1 638.1104413854051 580 658
3751.363875142858 3211.663875142858 102723843.0 1 636.3108618140436 580 658
3701.6528747418956 3162.6528747418956 102723858.0 1 647.4615514368708 590 667
3681.7251666044485 3140.6251666044486 102723873.0 1 642.560801814471 590 691
3692.3521868289263 3145.6521868289265 102723888.0 1 635.4363212040025 590 728
3738.5588375298025 3176.4588375298026 102723903.0 1 644.432901856605 590 721
3808.59625980725 3225.49625980725 102723918.0 1 646.7423829374281 590 720
3897.7088869596228 3281.708886959623 102723933.0 1 642.4068206582111 590 721
3964.702959907366 3297.6029599073663 102723948.0 1 640.3128668572318 590 671
4017.3233680614626 3286.5233680614624 102723963.0 1 628.0629179081049 590 599
4011.4438640154412 3216.2438640154414 102723978.0 1 618.8710357032755 590 609
3961.672785138096 3113.9727851380962 102723993.0 1 624.8820811203909 590 663
3883.273034830369 2990.073034830369 102724008.0 1 631.98998864858 590 762
3779.591967797777 2845.091967797777 102724023.0 1 626.9128799339069 590 851
3675.6946647287714 2725.7946647287713 102724038.0 1 630.4800328802552 590 872
3623.2933429469094 2622.9933429469097 102724053.0 1 616.0128171061516 590 870
3604.1664918882207 2575.866491888221 102724068.0 1 613.9949842353863 580 869
3639.3635621240787 2545.263562124079 102724083.0 1 619.9871111896493 580 872
3705.894185779707 2524.994185779707 102724098.0 1 606.520540996174 580 875
3793.4042781643248 2503.304278164325 102724113.0 1 608.5889583133941 580 878
3871.244230135957 2461.4442301359572 102724128.0 1 606.9315861663542 580 878
3925.5361248571085 2405.8361248571086 102724143.0 1 607.3959170734066 590 884
3963.3471252581417 2348.4471252581416 102724158.0 1 591.7792839026215 590 918
3963.6748333951896 2285.7748333951895 102724173.0 1 597.2118407224322 590 982
3921.547813170565 2200.2478131705648 102724188.0 1 597.9034965227248 590 991
3850.1411624696525 2101.541162469653 102724203.0 1 600.374293277175 600 994
3757.0037401922878 2001.4037401922876 102724218.0 1 609.4638284494281 600 977
3663.691113040098 1932.5911130400984 102724233.0 1 592.4806180408267 600 915
3569.397040092643 1884.497040092643 102724248.0 1 593.2201340916688 600 730
3512.576631938477 1897.6766319384772 102724263.0 1 595.134700379522 600 1
3377.288648152809 2376.288648152809 102724504.5 0 608.6048349354685 570 120
3354.237492122434 2350.437492122434 102724519.5 1 610.2734455153998 570 179
3353.7743515550997 2353.4743515550995 102724534.5 1 607.1593338453251 570 287
3353.6001850512835 2365.2001850512834 102724549.5 1 604.8359425410798 580 436
3363.5529586362386 2383.5529586362386 102724564.5 1 604.7424535410727 580 581
3374.499369661882 2400.7993696618823 102724579.5 1 605.1869265759466 580 684
3385.6421063495327 2414.042106349533 102724594.5 1 603.3815421586979 590 760
3414.341060487909 2421.0410604879094 102724609.5 1 599.1137330233721 590 824
3453.443869195015 2462.943869195015 102724624.5 1 603.1817452881444 590 861
3534.3191280383344 2527.0191280383347 102724639.5 1 597.9589291586102 590 882
3657.5850354866166 2629.2850354866164 102724654.5 1 596.2535435142638 590 888
3808.5272245762435 2738.2272245762438 102724669.5 1 590.7001401120145 590 891
3969.001894721455 2851.801894721455 102724684.5 1 588.7319671948612 600 893
4132.823560975929 2958.2235609759277 102724699.5 1 591.6248802477708 600 899
4256.740091245079 3041.5400912450796 102724714.5 1 619.9517693344732 590 906
4352.80047301253 3109.6004730125296 102724729.5 1 606.8742963862696 600 900
4409.922336010823 3139.4223360108226 102724744.5 1 607.1023335787526 600 929
4425.366310477741 3147.166310477741 102724759.5 1 618.3751419287804 600 940
4413.122810553287 3141.222810553287 102724774.5 1 623.7726647612666 600 935
4366.814123872717 3120.814123872717 102724789.5 1 637.0852521694601 600 930
4305.911351847341 3097.711351847341 102724804.5 1 635.7822573276927 600 858
4235.8625078776895 3070.36250787769 102724819.5 1 639.6415830275618 600 410
4794.099369661567 4299.199369661566 102725179.5 0 736.426254576004 500 592
4818.542106349143 4301.942106349144 102725194.5 1 736.3740825241898 510 627
4819.241060487531 4302.641060487532 102725209.5 1 743.2664529108941 520 721
4854.1438691947305 4308.84386919473 102725224.5 1 733.6011810731004 530 828
4911.219128038206 4287.519128038206 102725239.5 1 745.4401109597031 550 905
4993.185035486672 4250.485035486672 102725254.5 1 745.9550733247492 550 915
5091.627224576471 4196.327224576471 102725269.5 1 743.4295255919411 550 932
5201.001894721804 4139.1018947218045 102725284.5 1 749.5329342004238 560 941
5296.923560976323 4079.6235609763235 102725299.5 1 741.473846301131 560 944
5393.540091245434 4046.0400912454347 102725314.5 1 734.256201473881 570 947
5460.900473012348 4028.7004730123476 102725329.5 1 747.0281317784603 570 948
5508.922336010771 4022.122336010771 102725344.5 1 751.3158711007258 580 948
5536.26631047783 4018.66631047783 102725359.5 1 750.3254216317252 590 947
5545.022810553498 4019.0228105534984 102725374.5 1 758.7504554328964 600 948
5542.114123873003 4019.614123873004 102725389.5 1 750.5997384353071 600 921
5523.911351847641 4026.611351847641 102725404.5 1 752.5318303632214 610 797
5488.862507877938 4032.1625078779375 102725419.5 1 747.9791927038207 620 180
5014.406547059289 3606.706547059289 102725526.0 0 700.5355425553744 610 638
4945.459559471625 3465.6595594716246 102725541.0 1 705.5415632181908 610 754
4935.626569123833 3457.9265691238334 102725556.0 1 697.8925919961943 610 754
4926.814767481266 3453.3147674812662 102725571.0 1 703.0747920820513 610 782
4943.461331062502 3462.261331062502 102725586.0 1 704.6415255805704 610 815
4997.347116137865 3481.147116137866 102725601.0 1 703.5592974221734 610 830
5075.722630510592 3543.422630510592 102725616.0 1 708.1061461325087 610 837
5193.140620861115 3618.140620861115 102725631.0 1 699.3869352199719 600 839
5312.388172051919 3701.6881720519195 102725646.0 1 699.2303122217571 600 834
5440.411321153534 3777.911321153533 102725661.0 1 683.9829844091452 600 819
5572.326820659031 3824.4268206590314 102725676.0 1 687.4605260477746 600 762
5649.418486659133 3850.418486659133 102725691.0 1 696.1787252089431 600 371
5635.600740159441 3761.0007401594407 102725751.0 0 681.172725985254 620 409
5491.58553997983 3610.6855399798305 102725766.0 1 693.965232685742 620 696
5393.356874933137 3524.356874933137 102725781.0 1 694.763511687576 620 783
5317.712000149663 3461.3120001496636 102725796.0 1 684.446471622853 620 858
5277.108106880482 3396.2081068804832 102725811.0 1 689.275339036286 620 872
5251.793452940815 3343.593452940815 102725826.0 1 685.1490883657432 620 888
5265.440440528418 3300.5404405284175 102725841.0 1 685.7186501938577 620 894
5313.0734308761375 3271.1734308761374 102725856.0 1 687.8221489481634 620 894
5382.78523251864 3257.5852325186406 102725871.0 1 690.7195569285528 620 887
5491.43866893736 3257.03866893736 102725886.0 1 663.6722944733657 610 881
5605.552883861982 3266.8528838619823 102725901.0 1 662.7011606227027 610 885
5723.1773694892745 3279.4773694892747 102725916.0 1 657.9110385231278 610 881
5801.059379138798 3253.059379138799 102725931.0 1 650.4301616546777 620 885
5823.911827948061 3201.711827948061 102725946.0 1 650.871889875506 620 887
5809.2886788465175 3112.8886788465175 102725961.0 1 655.5015950936337 620 897
5728.47317934057 2991.47317934057 102725976.0 1 643.0154859311234 620 899
5610.081513340341 2849.281513340341 102725991.0 1 650.8255020263699 630 908
5465.881071971375 2712.081071971375 102726006.0 1 640.7404500588806 630 923
5318.119360580164 2611.9193605801634 102726021.0 1 635.3525837721836 630 936
5218.457240578576 2536.0572405785765 102726036.0 1 642.9835609125479 630 941
5150.699259840554 2524.299259840554 102726051.0 1 618.4961222468836 630 933
5124.614460020095 2557.714460020096 102726066.0 1 629.5098756640898 630 912
5142.343125066737 2621.643125066737 102726081.0 1 615.5217289856382 630 773
5497.640620861285 3499.840620861286 102726231.0 0 638.6281694510134 620 669
5497.188172051958 3518.988172051958 102726246.0 1 636.0261649696223 620 814
5485.211321153431 3518.911321153431 102726261.0 1 655.6283353093131 620 899
5472.22682065932 3518.5268206593196 102726276.0 1 644.532844514539 620 912
5452.018486659513 3502.518486659513 102726291.0 1 670.7979698612255 610 923
5405.118928028475 3424.8189280284755 102726306.0 1 658.7416833150924 610 920
5344.980639419717 3306.5806394197166 102726321.0 1 680.3132345603607 610 909
5272.4427594213585 3167.5427594213584 102726336.0 1 681.6243024564882 610 821
5175.0007401594285 3003.600740159429 102726351.0 1 677.2439926759512 610 394
