201
2691.1498319545003 4035.8498319545 102872707.5 0 752.7416714582417 370 361
2712.225827927641 4028.925827927641 102872722.5 1 751.1562574445431 370 444
2677.5141807012583 4090.114180701258 102872737.5 1 755.8389173892715 380 453
2726.4046239994036 4159.304623999404 102872752.5 1 753.539992934537 400 480
2830.9210397535508 4233.721039753551 102872767.5 1 747.526290229776 410 517
2995.2162521525606 4371.41625215256 102872782.5 1 758.758493682813 420 532
3175.0823113560928 4486.182311356092 102872797.5 1 750.8855414998982 430 546
3365.4740251483586 4585.574025148359 102872812.5 1 742.9113788606263 440 546
3522.1406089483403 4666.640608948341 102872827.5 1 750.4779136210614 440 550
3686.258554880601 4725.758554880601 102872842.5 1 751.8989334022393 450 551
3854.958554880728 4769.858554880728 102872857.5 1 758.1658927923091 460 543
3976.4406089486943 4806.6406089486945 102872872.5 1 772.9944633512662 450 538
4051.474025148862 4824.274025148862 102872887.5 1 772.1324472795947 460 363
3679.550168045647 4882.8501680456475 102873007.5 0 819.4582369034011 460 176
3466.6741720724735 4751.874172072474 102873022.5 1 810.9744292681248 460 225
3359.2858192987987 4652.185819298798 102873037.5 1 816.1674144722748 460 289
3245.295376000584 4475.895376000584 102873052.5 1 821.0465848770749 460 418
3126.77896024637 4169.77896024637 102873067.5 1 809.0005250004039 460 563
3030.38374784731 3777.98374784731 102873082.5 1 820.0033810780488 460 663
2975.817688643756 3264.917688643756 102873097.5 1 819.2501718195626 460 733
2949.2259748515007 2735.025974851501 102873112.5 1 802.4829963154685 460 759
2989.959391051561 2194.7593910515607 102873127.5 1 787.2945340065904 470 757
3045.641445119363 1731.0414451193633 102873142.5 1 788.8985914473164 470 762
3112.141445119307 1418.8414451193069 102873157.5 1 764.4806237744373 480 762
3139.059391051404 1208.459391051404 102873172.5 1 747.778856687456 490 760
3160.625974851277 1079.5259748512774 102873187.5 1 734.2680255472354 500 753
3178.817688643515 1037.517688643515 102873202.5 1 710.7044342349146 510 758
3184.383747847104 1052.883747847104 102873217.5 1 699.5756356667949 510 736
3172.2789602462435 1063.8789602462432 102873232.5 1 680.4223354960615 520 707
3147.995376000565 1108.1953760005651 102873247.5 1 669.1886198730705 520 592
3107.2858192988915 1175.2858192988915 102873262.5 1 640.3697685366078 530 142
2405.3210397533444 2061.6210397533446 102873367.5 0 587.2422640533365 530 376
2323.9162521528187 2291.0162521528187 102873382.5 1 582.0327457981081 530 443
2255.982311356395 2422.5823113563947 102873397.5 1 583.2419050446723 530 491
2310.574025148639 2548.574025148639 102873412.5 1 591.3903866827876 520 515
2446.240608948537 2697.540608948537 102873427.5 1 600.8574283704318 520 584
2641.858554880672 2861.658554880672 102873442.5 1 609.8780487964924 520 630
2871.4585548806576 3045.7585548806574 102873457.5 1 602.8694872913725 510 649
3123.1406089484976 3216.2406089484975 102873472.5 1 615.9791134180488 500 652
3409.5740251485827 3378.0740251485827 102873487.5 1 618.6640372657007 500 667
3663.6823113563337 3525.7823113563336 102873502.5 1 627.9876905483907 500 668
3895.4162521527664 3627.3162521527665 102873517.5 1 646.2309233393992 500 667
4072.721039753677 3698.921039753677 102873532.5 1 646.7262381503558 510 662
4167.704623999422 3728.1046239994225 102873547.5 1 654.1482363918017 500 646
4207.014180701166 3728.2141807011662 102873562.5 1 659.9117621745173 500 617
4217.225827927457 3707.6258279274575 102873577.5 1 664.2309207332046 500 342
3965.0147674815494 3492.5147674815494 102873729.0 0 704.1108808785168 510 55
3964.7265691239204 3492.2265691239204 102873744.0 1 709.9213784432972 510 207
3964.759559471496 3492.259559471496 102873759.0 1 707.3282009333212 510 304
3973.506547058972 3517.106547058972 102873774.0 1 698.0906011360698 500 389
3974.091893119881 3544.291893119881 102873789.0 1 697.2063752929838 500 453
3978.9879998500273 3570.1879998500276 102873804.0 1 696.4857439740829 500 498
3984.543125066605 3581.3431250666054 102873819.0 1 691.2919013676543 500 517
3994.114460020019 3581.8144600200194 102873834.0 1 698.9855127102661 500 527
4004.799259840549 3570.099259840549 102873849.0 1 698.9332857918439 500 538
4039.657240578644 3507.657240578644 102873864.0 1 700.9794363469867 500 537
4076.319360580841 3412.719360580841 102873879.0 1 696.6229127303831 500 543
4105.0810719722185 3307.081071972218 102873894.0 1 687.7859753912178 500 546
4126.781513341165 3230.081513341165 102873909.0 1 700.3186600910434 500 554
4140.873179341195 3172.073179341195 102873924.0 1 690.5353450584818 500 566
4140.488678846571 3121.2886788465717 102873939.0 1 684.7394712986217 500 594
4136.211827947954 3089.7118279479537 102873954.0 1 675.0662250365754 510 655
4131.559379138317 3071.0593791383167 102873969.0 1 683.061693912865 510 716
4124.377369488522 3071.577369488523 102873984.0 1 677.4664694657966 510 737
4114.552883861124 3111.452883861125 102873999.0 1 681.1924595583941 520 751
4115.238668937215 3170.238668937216 102874014.0 1 680.8830803305054 520 751
4129.785232518115 3265.285232518115 102874029.0 1 681.6590073786626 520 740
4156.673430875977 3376.8734308759767 102874044.0 1 677.4925068514964 520 730
4197.940440528657 3499.3404405286565 102874059.0 1 676.4176638297728 520 714
4240.993452941402 3574.593452941402 102874074.0 1 675.77796737193 520 564
4614.11848665898 3756.61848665898 102874209.0 0 673.6390673053501 510 255
4597.226820658915 3717.326820658915 102874224.0 1 694.95758411913 510 294
4563.311321153479 3739.411321153479 102874239.0 1 700.3587962226675 520 305
4519.288172052026 3739.488172052027 102874254.0 1 699.1965959239918 520 387
4468.640620861597 3717.5406208615977 102874269.0 1 695.0852313235896 520 440
4428.2226305113445 3700.922630511344 102874284.0 1 696.6551902847717 520 485
4389.747116138723 3668.7471161387234 102874299.0 1 700.8884659617412 520 519
4356.861331062647 3626.7613310626466 102874314.0 1 696.8788474879317 520 559
4335.314767481792 3556.2147674817916 102874329.0 1 707.4083734049508 520 597
4321.7265691239945 3485.9265691239943 102874344.0 1 698.270559059238 520 619
4328.059559471385 3415.959559471385 102874359.0 1 693.0382855920982 520 619
4351.506547058701 3384.1065470587014 102874374.0 1 708.3838557280205 520 636
4385.691893119509 3384.691893119509 102874389.0 1 705.0210320137538 520 639
4435.387999849635 3407.787999849635 102874404.0 1 703.8403437474908 520 636
4487.843125066278 3472.143125066278 102874419.0 1 691.2128148898057 520 624
4545.014460019828 3541.9144600198288 102874434.0 1 695.9061289843133 520 592
4579.499259840537 3615.5992598405364 102874449.0 1 687.9353466989345 520 564
4598.257240578515 3672.857240578515 102874464.0 1 689.8809565617667 510 564
4601.319360580602 3706.719360580602 102874479.0 1 688.4391969295649 510 595
4595.781071971921 3724.9810719719203 102874494.0 1 684.3470511611489 510 606
4585.281513340874 3713.0815133408737 102874509.0 1 684.1574422368337 510 611
4574.1731793409745 3670.4731793409737 102874524.0 1 693.8998772869215 510 641
4566.788678846468 3607.0886788464686 102874539.0 1 693.9229426146228 510 652
4566.711827947992 3549.6118279479915 102874554.0 1 681.2247084228194 510 663
4577.459379138487 3512.7593791384875 102874569.0 1 686.0083588463103 510 682
4596.877369488788 3489.4773694887886 102874584.0 1 683.458216383976 510 699
4626.252883861427 3495.7528838614276 102874599.0 1 681.2449282871731 510 697
4664.03866893749 3534.93866893749 102874614.0 1 692.8093356947342 510 685
4707.9852325183 3596.3852325183007 102874629.0 1 688.2772725986595 510 647
4744.673430876033 3663.8734308760336 102874644.0 1 694.9278261066836 510 620
4764.2404405285715 3731.040440528572 102874659.0 1 683.8812623569967 510 613
4772.293452941194 3763.5934529411943 102874674.0 1 692.9954678201473 510 644
4771.641060488351 3774.1410604883517 102874690.5 1 698.5355207901649 510 665
4770.9421063499885 3773.442106349989 102874705.5 1 683.3290785512014 510 679
4770.2993696622525 3741.2993696622525 102874720.5 1 701.865000624996 520 694
4769.852958636442 3697.4529586364424 102874735.5 1 706.2027928681811 520 721
4775.300185051265 3647.6001850512653 102874750.5 1 694.12789541017 520 724
4783.174351554557 3616.974351554556 102874765.5 1 699.5752573639231 530 722
4794.8374921214845 3599.937492121484 102874780.5 1 709.7676995190309 530 724
4808.088648151658 3600.588648151659 102874795.5 1 713.2627205344397 530 721
4825.585876127649 3622.285876127649 102874810.5 1 716.8819292246748 530 702
4845.077189446496 3659.277189446496 102874825.5 1 715.7940943115925 530 687
4856.6336895221675 3700.2336895221674 102874840.5 1 717.7424324695821 530 667
4862.977663989231 3742.27766398923 102874855.5 1 720.3297276862323 540 656
4868.999526987656 3784.699526987656 102874870.5 1 718.8050476982966 540 658
4868.459908754572 3810.059908754572 102874885.5 1 712.8098463624843 540 665
4871.276439024382 3804.4764390243827 102874900.5 1 707.8810351963897 540 679
4881.79810527882 3778.5981052788197 102874915.5 1 727.539261735361 550 696
4892.472775423935 3729.7727754239345 102874930.5 1 720.12804114867 550 730
4906.214964513427 3693.114964513427 102874945.5 1 730.7165929910572 550 758
4921.68087196179 3664.4808719617904 102874960.5 1 723.3260234597143 550 768
4936.756130804761 3650.1561308047612 102874975.5 1 721.1555933987395 550 791
4952.058939511793 3654.958939511793 102874990.5 1 728.1598687182659 550 791
4966.75789365016 3672.4578936501603 102875005.5 1 725.8609232786084 550 788
4992.600630337868 3725.6006303378686 102875020.5 1 728.9391475909932 550 788
5014.747041363624 3793.947041363624 102875035.5 1 733.121836727529 550 790
5034.499814948732 3872.499814948732 102875050.5 1 729.2054650877564 550 719
5053.225648445372 3950.7256484453724 102875065.5 1 721.3229229781215 550 636
5070.262507878391 4028.6625078783914 102875080.5 1 729.9970779835877 550 617
5074.51135184819 4107.111351848191 102875095.5 1 732.1811384120268 550 665
5070.314123872868 4123.914123872868 102875110.5 1 733.3290155986717 550 700
5066.222810553884 4117.0228105538845 102875125.5 1 738.8673941959224 550 737
5060.966310477993 4094.966310477993 102875140.5 1 740.9847339062785 550 782
5060.922336010675 4034.022336010675 102875155.5 1 748.7754067342928 540 806
5061.200473012014 3988.800473012014 102875170.5 1 735.4474060097588 540 820
5072.240091245563 3955.0400912455634 102875185.5 1 748.0532638719816 540 829
5087.623560975768 3943.8235609757685 102875200.5 1 738.1342901956066 540 825
5107.9018947213135 3960.601894721314 102875215.5 1 734.430696830649 550 824
5142.727224576152 3995.427224576152 102875230.5 1 736.8457907650693 550 823
5186.385035486594 4059.385035486594 102875245.5 1 730.7413477632599 550 770
5206.61912803816 4127.21912803816 102875260.5 1 735.9225949998856 550 661
5220.243869195129 4196.84386919513 102875275.5 1 745.0082845588547 550 510
5230.141060488062 4265.541060488062 102875290.5 1 737.3423356289153 540 461
5237.14210634969 4325.74210634969 102875305.5 1 739.1622976729052 540 468
5241.399369662009 4401.399369662009 102875320.5 1 750.9066000004134 540 509
5244.452958636309 4490.552958636309 102875335.5 1 748.9705246579513 540 551
5244.300185051269 4531.70018505127 102875350.5 1 762.4884395845652 530 597
5244.474351554698 4548.674351554699 102875365.5 1 755.3025779438248 530 641
5239.337492121732 4549.137492121732 102875380.5 1 764.9032779520776 530 671
5239.988648151959 4546.288648151959 102875395.5 1 760.9764733099629 530 667
5237.185876127275 4543.485876127275 102875410.5 1 765.2998100837057 530 687
5227.97718944622 4490.87718944622 102875425.5 1 774.1766164150758 530 713
5212.233689522051 4405.133689522051 102875440.5 1 778.6712849897912 530 748
5203.877663989298 4270.077663989297 102875455.5 1 779.6784614730307 530 780
5197.999526987894 4110.899526987894 102875470.5 1 791.9624015901148 520 794
5210.059908754927 3935.3599087549273 102875485.5 1 793.1571088676965 520 806
5231.776439024778 3805.876439024778 102875500.5 1 783.8506027714011 520 809
5249.998105279169 3699.498105279169 102875515.5 1 787.4694089537577 520 814
5265.572775424162 3607.972775424162 102875530.5 1 777.2772978650014 530 809
5280.0149645134825 3569.9149645134826 102875545.5 1 774.4243005456741 520 815
5283.580871961889 3558.080871961889 102875560.5 1 772.54221695983 530 818
5276.956130804979 3564.756130804979 102875575.5 1 772.9018514527653 530 828
5264.258939512082 3582.8589395120825 102875590.5 1 765.0905660028682 530 842
5240.457893650459 3617.8578936504587 102875605.5 1 761.8751313716236 540 851
5217.300630338111 3664.700630338111 102875620.5 1 774.2813973249425 540 852
5210.7470413637575 3728.847041363757 102875635.5 1 750.157116718571 540 846
5214.399814948727 3812.299814948727 102875650.5 1 755.888941577425 540 837
5244.32564844523 3908.0256484452307 102875665.5 1 744.1319133964306 540 824
5296.362507878143 4021.6625078781435 102875680.5 1 744.9106678160553 540 809
5362.911351847891 4133.711351847891 102875695.5 1 735.7495145604696 550 794
5411.214123872581 4193.214123872581 102875710.5 1 740.3095502212099 550 791
5449.822810553674 4219.222810553674 102875725.5 1 751.9223310215319 540 788
5481.666310477904 4218.866310477904 102875740.5 1 752.4333452811278 540 785
5499.822336010727 4187.322336010728 102875755.5 1 746.8048105619423 540 779
5485.400473012196 4136.500473012196 102875770.5 1 746.0362130976672 540 779
5448.840091245209 4049.5400912452083 102875785.5 1 752.8177291692656 540 779
5401.923560975373 3977.4235609753728 102875800.5 1 751.4838861378637 540 784
5350.801894720964 3914.4018947209647 102875815.5 1 761.573008232803 530 791
5296.727224575925 3875.0272245759247 102875830.5 1 748.4904389843231 530 797
5247.285035486538 3863.385035486538 102875845.5 1 763.9355380171669 530 818
5200.393342946829 3869.6933429468286 102875847.0 1 760.2134178081104 530 826
5159.694664729087 3891.294664729087 102875862.0 1 759.1819085455353 530 830
5131.991967798421 3918.1919677984206 102875877.0 1 751.6025804466932 530 824
5111.073034830524 3949.0730348305237 102875892.0 1 748.5120268685147 530 833
5099.872785137571 3973.5727851375705 102875907.0 1 744.2921417818625 530 837
5099.243864015564 3996.743864015564 102875922.0 1 744.2100713423712 530 846
5098.823368061526 4007.5233680615256 102875937.0 1 746.243782742637 530 852
5098.702959907357 4011.6029599073563 102875952.0 1 743.634557458141 530 851
5105.908886959542 4011.8088869595417 102875967.0 1 739.7893744145263 530 855
5114.796259807705 4012.2962598077056 102875982.0 1 740.12481887589 530 858
5131.558837529644 4005.958837529644 102875997.0 1 728.4699654139276 540 866
5153.9521868287775 3998.952186828778 102876012.0 1 728.2410238909835 540 864
5182.525166604342 3989.725166604343 102876027.0 1 743.3267650790299 540 908
5227.652874741682 3977.4528747416816 102876042.0 1 732.2006013435278 540 951
5282.263875142892 3960.6638751428927 102876057.0 1 732.3941993439838 540 997
5379.955769864492 3933.755769864493 102876072.0 1 727.0943650794223 540 1023
5541.095721836324 3900.295721836323 102876087.0 1 726.1100015555481 540 1023
5744.105814220998 3891.905814220997 102876102.0 1 731.0297754411963 540 1023
5981.4364378765285 3916.436437876529 102876117.0 1 735.5184304080603 540 1009
6221.033508111783 3963.533508111783 102876132.0 1 736.0985934417043 550 930
6415.406657053157 4050.1066570531566 102876147.0 1 742.6393409962665 550 453
