131
2810.503166046245 4974.203166046244 281638.5 0 765.3180394047355 480 34
2793.0909414331827 4923.190941433183 281653.5 1 776.0401371490575 490 332
2764.1537110420522 4930.653711042052 281668.5 1 777.0855053480778 500 338
2758.043188002651 4965.14318800265 281683.5 1 789.4617141795567 500 333
2767.8706596760635 5007.870659676063 281698.5 1 793.4291531950902 510 338
2800.782728462091 5056.882728462091 281713.5 1 802.279763766668 510 339
2836.629354388993 5131.929354388993 281728.5 1 815.6876117508712 520 348
2868.5311657840675 5213.5311657840675 281743.5 1 811.4523411164728 520 348
2895.853163872313 5300.3531638723125 281758.5 1 822.7829261559727 520 351
2901.090553357532 5367.190553357532 281773.5 1 823.7273577960664 520 356
2895.3697877343316 5416.069787734331 281788.5 1 819.8344395355799 520 366
2882.7646014666348 5453.864601466635 281803.5 1 835.7920826824482 520 374
2863.123534226996 5472.023534226996 281818.5 1 840.617073523933 520 379
2836.302947271657 5472.502947271657 281833.5 1 837.1808267800571 520 379
2804.2983348124426 5458.698334812443 281848.5 1 828.8599221426147 520 397
2762.167104914954 5406.767104914954 281863.5 1 838.7145896699155 520 446
2731.6378639845047 5306.237863984505 281878.5 1 843.8859650102411 520 478
2707.904180943033 5173.304180943033 281893.5 1 841.0355338258181 520 501
2698.104190425053 5008.804190425053 281908.5 1 838.6711488694208 520 520
2693.290481229735 4802.390481229735 281923.5 1 841.9847607285934 520 526
2697.0968339537562 4568.196833953755 281938.5 1 832.07523305995 520 533
2706.109058566817 4320.309058566817 281953.5 1 832.6754401908485 520 540
2717.546288957948 4121.0462889579485 281968.5 1 833.114879470732 520 539
2728.55681199735 3953.55681199735 281983.5 1 825.8697643052108 530 554
2720.8293403239345 3826.8293403239345 281998.5 1 821.6681941490781 540 561
2702.6172715379075 3716.9172715379073 282013.5 1 803.1912003923147 540 557
2665.3706456110076 3618.0706456110074 282028.5 1 807.7516335770495 550 518
2625.7688342159317 3541.3688342159317 282043.5 1 785.9728531417591 560 428
2585.146836127687 3491.646836127687 282058.5 1 772.9809186829502 560 207
2612.8653483024377 4171.765348302438 282195.0 0 788.6115538931076 570 466
2840.3635254915607 4315.26352549156 282210.0 1 790.2299267864616 570 595
2917.960660171781 4438.36066017178 282225.0 1 799.7566580360099 560 589
2952.6265847744426 4542.326584774442 282240.0 1 798.5901995585307 560 550
3028.2815325108922 4634.081532510892 282255.0 1 812.3827335496658 550 527
3102.9135254915636 4708.013525491563 282270.0 1 810.5148486205865 550 526
3176.580985749608 4806.880985749608 282285.0 1 810.865910815346 550 501
3237.5000000000014 4923.1 282300.0 1 810.8199313538798 550 402
3275.3190142503913 5016.2190142503905 282315.0 1 842.0573350085459 550 272
3297.8864745084375 5105.286474508438 282330.0 1 831.5261842561724 550 119
3314.4184674891067 5192.518467489107 282345.0 1 835.864548833146 550 109
3326.3734152255574 5276.573415225557 282360.0 1 844.3426562330317 550 146
3335.139339828219 5318.939339828219 282375.0 1 864.8768531396867 550 178
3328.0364745084366 5332.836474508436 282390.0 1 855.684219344346 550 213
3314.0346516975596 5327.934651697559 282405.0 1 859.4067554754612 550 297
3294.3816778784385 5301.981677878438 282420.0 1 861.0982127435269 550 398
3268.2365097862826 5262.536509786282 282435.0 1 858.8938104463788 550 469
3239.7 5189.2 282450.0 1 852.6224038643551 550 507
3210.1365097862827 5082.636509786283 282465.0 1 863.74969662325 550 540
3183.081677878439 4954.781677878439 282480.0 1 858.9861639662845 550 557
3157.234651697561 4786.13465169756 282495.0 1 861.0306049723652 550 570
3135.5364745084375 4638.436474508437 282510.0 1 862.890642129754 550 561
3129.3393398282215 4504.139339828222 282525.0 1 860.5698072300912 550 554
3128.9734152255564 4396.673415225557 282540.0 1 843.2005963490361 550 505
3153.4184674891067 4322.418467489107 282555.0 1 839.9806144661842 550 393
3187.986474508437 4270.886474508437 282570.0 1 827.9521741466683 550 171
3335.2621360154967 4339.762136015496 282721.5 0 828.6167027380708 580 478
3367.0328950850476 4361.032895085047 282736.5 1 826.811296200458 580 468
3380.901665187557 4393.801665187556 282751.5 1 832.6151420373726 580 465
3397.897052728343 4425.497052728342 282766.5 1 834.6083049089658 580 473
3445.9764657730016 4477.0764657730015 282781.5 1 817.2530144391832 580 488
3495.6353985333626 4541.435398533362 282796.5 1 809.1531925775249 580 516
3549.5302122656685 4598.830212265668 282811.5 1 813.9916228925825 580 526
3604.0094466424675 4655.409446642468 282826.5 1 812.1535922687156 580 537
3658.946836127686 4709.646836127686 282841.5 1 798.9073864756281 580 538
3692.568834215933 4764.268834215933 282856.5 1 812.8615987192092 590 536
3712.570645611006 4817.170645611006 282871.5 1 810.879360763472 590 545
3712.0172715379076 4852.317271537908 282886.5 1 819.8750777481258 580 554
3698.0293403239357 4875.429340323935 282901.5 1 809.1455163095002 580 559
3677.056811997353 4880.356811997352 282916.5 1 826.966187393893 580 560
3635.2462889579465 4858.846288957947 282931.5 1 825.6987609452608 570 586
3585.309058566817 4820.809058566816 282946.5 1 844.2115560854569 560 603
3530.7968339537547 4753.696833953754 282961.5 1 840.4836528861048 560 616
3494.090481229735 4683.390481229735 282976.5 1 841.3907405618261 560 627
3481.4041904250494 4608.404190425049 282991.5 1 834.4478951702539 560 630
3482.1041809430353 4543.304180943035 283006.5 1 834.745669598631 560 628
3502.337863984502 4485.1378639845025 283021.5 1 824.7459227165539 570 628
3535.6671049149522 4445.667104914952 283036.5 1 815.4231542240377 570 616
3579.1983348124427 4423.398334812443 283051.5 1 823.6477871593409 570 583
3635.702947271657 4412.002947271657 283066.5 1 794.3839813846822 570 532
3688.4235342269967 4424.823534226997 283081.5 1 809.7076522528206 570 446
3738.8646014666383 4453.564601466638 283096.5 1 802.8410664151702 570 353
3781.5697877343323 4493.469787734332 283111.5 1 797.9292438229086 570 240
3813.1905533575305 4543.29055335753 283126.5 1 800.7500637168827 580 146
3836.653163872313 4598.253163872313 283141.5 1 808.3448518495381 580 107
3856.2311657840673 4656.331165784067 283156.5 1 797.7578269249304 580 113
3871.229354388991 4711.929354388991 283171.5 1 801.547165641568 580 196
3882.282728462093 4748.882728462093 283186.5 1 808.9823968149428 590 294
3889.270659676063 4774.070659676063 283201.5 1 810.4823229203698 590 373
3889.9431880026477 4774.743188002648 283216.5 1 808.9127469041201 590 386
3890.453711042052 4775.253711042053 283231.5 1 804.4108742015569 590 458
3890.6909414331826 4750.990941433182 283246.5 1 807.6488859684948 590 522
3890.6031660462445 4707.503166046244 283261.5 1 810.3810303863363 590 546
3890.2095187702657 4653.909518770265 283276.5 1 800.5255088274079 580 584
3903.595809574949 4609.195809574949 283291.5 1 819.6655025438117 580 600
3921.0958190569627 4577.695819056963 283306.5 1 828.3074211799218 580 616
3947.7621360154963 4553.262136015496 283321.5 1 815.2316004928821 580 617
3975.3328950850464 4541.632895085047 283336.5 1 820.667236092339 580 628
4008.101665187557 4541.501665187557 283351.5 1 822.0281890985325 580 634
4043.9970527283417 4552.897052728342 283366.5 1 828.6738666115224 580 619
4084.3764657730017 4575.776465773001 283381.5 1 823.4009229947088 580 583
4117.235398533363 4614.935398533363 283396.5 1 825.8071816785157 580 545
4145.230212265668 4664.630212265668 283411.5 1 814.5456024916027 580 514
4161.209446642466 4713.509446642466 283426.5 1 809.1719928717255 580 507
4165.746836127687 4740.446836127687 283441.5 1 803.2938886823698 590 514
4165.768834215933 4753.068834215932 283456.5 1 814.1947159096463 590 509
4155.670645611008 4752.770645611007 283471.5 1 811.4269236721102 590 514
4150.217271537907 4743.817271537908 283486.5 1 801.906979971588 600 533
4149.529340323935 4723.529340323935 283501.5 1 802.2187878595273 600 559
4158.656811997351 4696.256811997351 283516.5 1 807.9707266250447 590 588
4178.446288957948 4672.646288957948 283531.5 1 821.182544534249 590 619
4212.509058566818 4655.609058566817 283546.5 1 800.3039061699501 590 638
4271.396833953755 4643.796833953755 283561.5 1 815.8874137500976 580 656
4345.990481229735 4644.190481229735 283576.5 1 810.2123937798696 580 667
4433.404190425052 4660.904190425052 283591.5 1 825.8067574289345 590 663
4520.904180943033 4682.604180943033 283606.5 1 835.6619197089086 580 664
4596.4378639845045 4711.237863984504 283621.5 1 833.3087898693068 580 667
4662.667104914952 4746.667104914952 283636.5 1 830.8866808213005 580 673
4706.898334812443 4786.698334812443 283651.5 1 856.9307157043659 580 673
4731.202947271657 4838.302947271657 283666.5 1 847.6630668337493 580 673
4741.923534226996 4895.923534226996 283681.5 1 853.709310364452 580 681
4733.564601466635 4957.564601466635 283696.5 1 863.0673230101911 580 684
4704.169787734332 4986.969787734332 283711.5 1 864.2450698814655 580 694
4660.190553357532 4986.390553357533 283726.5 1 875.5994370714723 570 713
4615.053163872314 4966.453163872314 283741.5 1 868.8391840801272 570 761
4605.231165784067 4909.731165784067 283756.5 1 883.0678234715622 570 791
4619.529354388993 4832.329354388993 283771.5 1 888.9403572967303 560 821
4683.782728462091 4740.482728462091 283786.5 1 883.3942589542722 560 852
4831.470659676063 4685.170659676063 283801.5 1 875.4973801857092 570 860
5034.443188002648 4666.943188002648 283816.5 1 870.4708614994438 570 863
5321.253711042053 4673.753711042053 283831.5 1 891.4741606286386 570 799
5643.490941433183 4680.2909414331825 283846.5 1 878.7077850558411 580 557
