134
2465.600630337988 4401.100630337988 362620.5 0 851.0178717566162 500 223
2433.8470413636396 4370.747041363639 362635.5 1 841.8997576907113 510 267
2409.4998149487224 4399.599814948722 362650.5 1 819.1197058238424 510 274
2409.3256484451326 4451.225648445133 362665.5 1 827.4494942700812 510 277
2417.2625078780657 4509.562507878066 362680.5 1 817.0628239379643 500 277
2462.811351847907 4604.811351847907 362695.5 1 815.9793571167953 500 282
2536.314123872703 4725.214123872704 362710.5 1 810.8870546415953 500 274
2628.822810553355 4868.1228105533555 362725.5 1 819.0086396679634 500 257
2699.866310477802 5021.066310477802 362740.5 1 810.0459645663506 500 241
2758.6223360107674 5181.322336010767 362755.5 1 816.305151700501 500 254
2809.3004730122702 5325.1004730122695 362770.5 1 826.7423073367047 500 254
2840.640091245215 5418.740091245215 362785.5 1 837.2333798281201 500 265
2833.6235609759674 5478.923560975967 362800.5 1 840.6619531449288 500 270
2801.4018947213885 5486.601894721388 362815.5 1 851.3945930125009 490 267
2736.8272245761364 5442.327224576135 362830.5 1 854.6571026287263 490 281
2627.8850354865745 5364.185035486575 362845.5 1 857.7199937302814 490 338
2488.5191280382414 5202.419128038242 362860.5 1 847.2408686309786 490 394
2329.9438691948885 4964.043869194889 362875.5 1 852.0152979214398 490 425
2171.841060487851 4674.341060487851 362890.5 1 849.4400228333079 490 435
2014.3421063495805 4343.24210634958 362905.5 1 842.8265164537768 490 443
1905.8993696620105 3988.3993696620105 362920.5 1 840.5291982542776 500 446
1831.9529586363597 3617.6529586363595 362935.5 1 823.1614320426203 500 440
1781.4001850512773 3327.7001850512775 362950.5 1 803.9517097051767 500 410
1785.7743515548666 3152.174351554867 362965.5 1 789.7518882936964 510 361
1835.937492121935 3053.237492121935 362980.5 1 784.7973300498571 510 287
1916.3886481520913 2979.688648152091 362995.5 1 769.411450946233 520 53
2132.9053352711667 3336.205335271167 363162.0 0 701.6417422318132 500 470
2137.508032202016 3357.6080322020157 363177.0 1 702.0160257412913 500 447
2126.926965169252 3403.7269651692523 363192.0 1 710.9536089779319 510 425
2155.627214862094 3461.127214862094 363207.0 1 711.1531412000933 510 404
2217.156135984621 3528.956135984621 363222.0 1 720.4699478872022 510 410
2300.176631938526 3614.076631938526 363237.0 1 723.0592953911639 520 413
2379.3970400926423 3711.4970400926422 363252.0 1 722.3620077601014 530 413
2452.691113040506 3790.3911130405063 363267.0 1 733.7338398283027 530 409
2522.2037401924686 3843.1037401924686 363282.0 1 732.0077835492308 530 409
2591.5411624699773 3878.8411624699775 363297.0 1 739.0477797144572 530 410
2635.6478131709723 3901.947813170972 363312.0 1 748.9008046666959 530 404
2663.774833395555 3908.374833395555 363327.0 1 744.620946316011 530 404
2671.847125258307 3903.847125258307 363342.0 1 738.3418099779963 530 436
2665.536124857092 3880.0361248570916 363357.0 1 739.9819895393164 520 453
2649.044230135836 3810.344230135836 363372.0 1 744.6591069811606 520 470
2617.4042781640483 3710.104278164048 363387.0 1 737.8418725553388 520 491
2583.094185779292 3586.1941857792917 363402.0 1 738.5043193288192 510 497
2545.963562123624 3462.263562123624 363417.0 1 736.4890087488347 520 499
2528.2664918882524 3343.066491888252 363432.0 1 735.0050792023142 520 499
2531.9933429469047 3227.0933429469046 363447.0 1 734.2361053272248 520 490
2550.0946647288324 3151.3946647288326 363462.0 1 736.971607415539 530 443
2600.791967797987 3101.291967797987 363477.0 1 751.9162955730116 530 339
2664.573034830746 3069.173034830746 363492.0 1 737.1370197808467 540 104
3051.363875142908 3384.5638751429083 363657.0 0 701.5279531020424 520 436
3090.2557698641626 3387.0557698641624 363672.0 1 695.6156297393043 520 417
3093.895721835953 3405.395721835953 363687.0 1 709.4882991550728 530 422
3124.0058142207063 3430.605814220706 363702.0 1 695.5502654502653 530 415
3171.636437876374 3485.2364378763746 363717.0 1 713.9827129147023 530 450
3239.7335081117467 3559.6335081117463 363732.0 1 719.7248300081925 540 469
3322.106657053095 3639.906657053095 363747.0 1 723.7041344482524 540 468
3413.205335271167 3738.0053352711666 363762.0 1 730.1038669807623 550 478
3498.3080322020137 3848.3080322020137 363777.0 1 738.9873198445102 550 483
3571.0269651692493 3956.7269651692495 363792.0 1 733.774402714222 550 483
3634.7272148620946 4048.427214862095 363807.0 1 746.8511411915747 540 496
3667.5561359846233 4129.556135984623 363822.0 1 745.8809955961112 540 507
3672.876631938525 4176.876631938525 363837.0 1 749.0364916521806 540 519
3660.3970400926423 4199.397040092642 363852.0 1 771.0682150767561 540 536
3639.8911130405063 4206.191113040506 363867.0 1 775.8408843146823 530 543
3604.4037401924684 4202.203740192468 363882.0 1 767.504698586223 530 540
3559.6411624699804 4166.54116246998 363897.0 1 786.8583658977333 530 540
3507.1478131709746 4110.547813170974 363912.0 1 795.4056666235866 520 546
3458.9748333955536 4018.9748333955536 363927.0 1 789.8081162414222 520 536
3417.347125258307 3911.547125258307 363942.0 1 788.123589357215 520 546
3394.2361248570915 3793.2361248570915 363957.0 1 788.624522540789 520 536
3383.3442301358346 3677.344230135834 363972.0 1 780.1464799947923 530 544
3402.104278164048 3601.604278164048 363987.0 1 774.8928673746708 530 518
3441.9941857792946 3552.594185779295 364002.0 1 769.6036575838152 530 514
3495.163562123624 3535.0635621236243 364017.0 1 747.1942848855787 540 509
3560.066491888252 3548.8664918882523 364032.0 1 745.1565940278898 540 496
3636.5933429469046 3583.3933429469043 364047.0 1 736.8743733322481 530 485
3720.494664728832 3641.3946647288317 364062.0 1 744.7777988419411 540 474
3792.8919677979866 3710.9919677979865 364077.0 1 744.5258291630294 550 438
3848.973034830749 3788.073034830749 364092.0 1 730.2628088738121 550 391
3894.4727851379034 3867.1727851379032 364107.0 1 746.1966569373453 550 372
3920.443864015377 3944.2438640153773 364122.0 1 745.8769498026148 550 377
3929.823368061474 3982.323368061474 364137.0 1 747.5524132603377 550 404
3929.702959907357 3995.502959907357 364152.0 1 758.9085379520203 550 399
3926.408886959493 3995.7088869594927 364167.0 1 750.3849401707427 550 397
3926.8962598075323 3971.696259807532 364182.0 1 751.2543030179744 550 409
3927.5588375300213 3934.5588375300213 364197.0 1 751.0811023641373 550 413
3948.552186829026 3901.6521868290265 364212.0 1 757.0148321239344 540 418
3979.925166604444 3885.425166604444 364227.0 1 750.8730888181697 550 422
4036.9528747416925 3880.8528747416926 364242.0 1 758.6088648666736 550 425
4104.863875142908 3900.463875142908 364257.0 1 753.9018663018766 550 423
4180.1557698641645 3937.2557698641644 364272.0 1 755.2367302104418 550 423
4260.7957218359525 3985.695721835953 364287.0 1 752.012202426284 550 423
4350.405814220706 4043.105814220706 364302.0 1 757.4691727062285 560 425
4446.336437876374 4113.136437876374 364317.0 1 751.1895052276137 560 415
4524.933508111748 4192.433508111748 364332.0 1 766.9813415218669 550 420
4584.206657053095 4259.406657053095 364347.0 1 763.2574218431861 550 427
4629.805335271168 4300.105335271168 364362.0 1 784.2609570469785 550 431
4647.708032202014 4323.608032202013 364377.0 1 791.1194780405356 550 431
4663.726965169252 4394.226965169252 364392.0 1 799.8007623146798 540 418
4679.127214862092 4460.0272148620925 364407.0 1 794.261274417274 540 391
4717.556135984623 4522.956135984624 364422.0 1 805.7112989498359 540 371
4764.176631938525 4582.876631938526 364437.0 1 812.0906173299893 530 361
4815.397040092642 4604.697040092642 364452.0 1 812.9106690694671 530 346
4836.891113040506 4600.991113040506 364467.0 1 817.0706812917869 520 353
4842.703740192468 4569.003740192468 364482.0 1 821.7772177199456 530 372
4838.541162469977 4489.941162469977 364497.0 1 830.5960649961614 530 389
4792.347813170974 4380.047813170974 364512.0 1 827.8069168100313 530 410
4702.8748333955555 4195.3748333955555 364527.0 1 824.1041186179135 530 435
4584.247125258307 3933.2471252583073 364542.0 1 822.1199007060387 530 473
4473.636124857091 3620.3361248570914 364557.0 1 814.5093799399353 540 491
4365.444230135836 3305.644230135836 364572.0 1 811.3943598962995 540 504
4276.4042781640455 3042.3042781640456 364587.0 1 780.8636236224932 550 543
4199.3941857792925 2813.394185779292 364602.0 1 780.4852331707746 550 557
4146.863562123624 2649.5635621236243 364617.0 1 763.8385392011616 560 564
4111.6664918882525 2535.9664918882527 364632.0 1 742.4849683521234 560 570
4087.3933429469043 2456.3933429469043 364647.0 1 730.7430908651751 570 559
4092.8946647288326 2438.094664728833 364662.0 1 699.9614867914628 570 559
4137.991967797985 2478.9919677979847 364677.0 1 683.7315516712565 580 551
4208.773034830749 2558.8730348307486 364692.0 1 686.4395907677655 580 554
4343.872785137906 2754.872785137906 364707.0 1 679.184437809104 570 533
4544.1438640153765 3031.4438640153767 364722.0 1 674.0573724188816 580 439
4788.023368061474 3362.823368061474 364737.0 1 679.925484161934 580 346
5049.702959907358 3730.9029599073574 364752.0 1 692.6573564366322 580 351
5313.108886959493 4022.308886959493 364767.0 1 693.405177815353 580 364
5497.696259807531 4262.196259807531 364782.0 1 730.6993771486767 580 410
5629.258837530021 4395.858837530021 364797.0 1 755.0561957422391 580 477
5673.352186829026 4458.852186829026 364812.0 1 782.1578171361502 580 566
5673.925166604445 4474.825166604445 364827.0 1 788.1874665023838 580 578
5651.152874741692 4468.852874741692 364842.0 1 809.880814035992 570 600
5604.263875142907 4426.863875142907 364857.0 1 833.0093721236052 570 611
5607.455769864164 4360.055769864164 364872.0 1 833.5378922579602 560 616
5643.995721835952 4303.495721835952 364887.0 1 827.3906783869658 560 605
5804.3058142207055 4291.605814220706 364902.0 1 836.1812593146128 560 488
6060.536437876376 4310.536437876376 364917.0 1 825.7458610834719 550 255
