278
2866.1268206588934 3988.926820658893 684624.0 0 498.9532196622797 610 129
2866.511321153431 4092.9113211534304 684639.0 1 502.09399320696394 620 143
2872.8881720519717 4117.4881720519725 684654.0 1 498.5640771604166 620 232
2880.3406208614124 4120.740620861412 684669.0 1 485.5824644417369 620 367
2893.8226305111552 4090.122630511155 684684.0 1 498.51114327749383 630 435
2910.6471161386226 4036.9471161386223 684699.0 1 488.4638746725811 630 497
2924.661331062649 3914.461331062649 684714.0 1 499.085321171412 640 546
2927.6147674814356 3737.5147674814357 684729.0 1 493.6465401746178 640 588
2923.826569123907 3525.1265691239073 684744.0 1 492.9390224913273 650 609
2923.8595594714848 3336.159559471485 684759.0 1 473.35415693091534 650 617
2924.2065470588673 3181.806547058867 684774.0 1 468.24379861314804 650 614
2924.7918931196295 3050.0918931196297 684789.0 1 462.2655958294986 640 588
2929.687999850342 2959.7879998503417 684804.0 1 451.6143650715668 640 543
2930.343125066777 2910.7431250667764 684819.0 1 447.2141499864416 650 440
2927.314460020064 2888.814460020064 684834.0 1 431.91616189893 650 369
2922.5992598405487 2911.3992598405484 684849.0 1 436.35798903965025 650 175
2657.9734308760926 3884.3734308760922 685044.0 0 518.1363100077178 600 247
2622.2404405285165 3924.9404405285163 685059.0 1 513.9768850858751 590 301
2616.993452941133 3924.593452941133 685074.0 1 501.79056576306436 590 301
2620.6081068803664 3924.008106880366 685089.0 1 530.7176435047159 590 312
2638.112000149654 3923.3120001496536 685104.0 1 517.7224747387834 590 366
2664.7568749332195 3931.056874933219 685119.0 1 518.4879109047358 590 394
2725.185539979934 3956.485539979934 685134.0 1 530.7812664261118 600 417
2820.2007401594515 3994.1007401594516 685149.0 1 534.2773059416696 610 465
2938.642759421299 4038.342759421299 685164.0 1 530.6184907659864 620 472
3072.7806394195195 4082.8806394195194 685179.0 1 524.1777228639279 630 477
3207.118928028118 4113.618928028118 685194.0 1 542.508465982411 640 478
3340.818486659053 4136.018486659053 685209.0 1 538.5569195867565 650 464
3443.626820658895 4128.226820658895 685224.0 1 545.9782473399252 660 474
3514.7113211534315 4094.3113211534314 685239.0 1 535.9712689830366 670 468
3565.188172051972 4043.2881720519717 685254.0 1 542.8480880544726 680 470
3585.240620861414 3975.8406208614138 685269.0 1 548.126142871106 680 517
3577.0226305111523 3899.722630511152 685284.0 1 541.3411981935812 690 537
3550.447116138619 3818.547116138619 685299.0 1 524.2016261913654 690 532
3497.261331062656 3728.9613310626564 685314.0 1 524.3445999531235 690 540
3427.414767481437 3640.914767481437 685329.0 1 530.7439466354375 680 546
3345.926569123906 3565.7265691239063 685344.0 1 506.79795743073305 680 561
3261.2595594714844 3499.2595594714844 685359.0 1 508.6310526963211 680 568
3202.806547058866 3453.406547058866 685374.0 1 484.9052769704946 670 560
3161.391893119632 3431.5918931196325 685389.0 1 505.62928725092564 670 565
3157.1879998503446 3425.2879998503445 685404.0 1 496.80709129079185 670 520
3171.1431250667747 3425.943125066775 685419.0 1 486.26765198591454 670 501
3196.114460020065 3441.8144600200653 685434.0 1 489.5073195761229 670 491
3256.4992598405483 3462.9992598405483 685449.0 1 477.63656724479955 680 490
3341.7572405786987 3490.1572405786987 685464.0 1 463.27035429717864 680 485
3443.5193605804766 3519.8193605804763 685479.0 1 465.4557134916645 680 472
3544.381071971877 3540.181071971877 685494.0 1 466.7894360809435 680 438
3650.781513340942 3553.481513340942 685509.0 1 468.6784713689647 680 440
3760.073179341109 3545.873179341109 685524.0 1 461.47727330307833 680 436
3817.088678846568 3516.0886788465687 685539.0 1 462.81165337946476 690 465
3847.111827948028 3471.211827948028 685554.0 1 472.2053953955088 690 468
3859.9593791385855 3410.5593791385854 685569.0 1 455.2077718568753 690 489
3839.477369488846 3321.477369488846 685584.0 1 458.32189544046497 690 532
3786.2528838613844 3212.9528838613846 685599.0 1 457.31047368085206 690 551
3711.338668937347 3099.5386689373468 685614.0 1 457.73776169113074 700 561
3599.1852325185614 2982.4852325185616 685629.0 1 456.2617665716496 700 569
3465.073430876093 2863.073430876093 685644.0 1 459.3029657011513 700 589
3315.940440528516 2751.7404405285156 685659.0 1 456.753677009813 700 580
3153.8934529411345 2652.6934529411346 685674.0 1 446.7511516337368 690 553
3007.008106880369 2561.8081068803685 685689.0 1 438.7826598006555 690 570
2870.512000149656 2486.212000149656 685704.0 1 449.0819086320492 680 588
2794.2568749332218 2443.5568749332215 685719.0 1 439.52578437728766 670 586
2769.985539979935 2422.785539979935 685734.0 1 452.5764045044615 660 532
2780.300740159451 2430.300740159451 685749.0 1 457.55204043805963 650 520
2814.7427594213004 2456.3427594213003 685764.0 1 440.71413809019407 640 520
2901.2806394195177 2494.580639419518 685779.0 1 453.41929175357046 630 507
3021.618928028121 2556.8189280281213 685794.0 1 459.7424308879489 630 497
3161.6184866590565 2638.0184866590566 685809.0 1 457.239244542 620 493
3315.52682065889 2731.02682065889 685824.0 1 453.2409364948601 630 490
3479.0113211534326 2816.1113211534325 685839.0 1 452.5247269125847 630 494
3637.988172051971 2905.7881720519713 685854.0 1 439.04142854040197 640 491
3797.340620861412 3003.5406208614118 685869.0 1 444.644542605182 650 480
3932.6226305111545 3082.1226305111545 685884.0 1 450.8655239005203 660 464
4052.3471161386165 3147.2471161386165 685899.0 1 456.65005965262736 670 473
4146.161331062654 3203.9613310626537 685914.0 1 449.0174853823596 670 469
4212.114767481439 3247.514767481439 685929.0 1 454.83672797413124 670 463
4258.726569123907 3282.9265691239066 685944.0 1 461.94220849993724 690 465
4281.859559471484 3302.5595594714837 685959.0 1 463.6284575383626 690 469
4286.4065470588685 3306.406547058868 685974.0 1 483.4353925514269 690 514
4278.591893119629 3300.69189311963 685989.0 1 482.85288700416055 690 532
4268.087999850347 3297.1879998503478 686004.0 1 498.1491557581864 690 515
4240.043125066777 3294.3431250667772 686019.0 1 497.0845997553631 680 524
4199.214460020064 3291.3144600200644 686034.0 1 499.6660822150934 680 526
4161.599259840548 3291.499259840549 686049.0 1 496.8025808287821 680 520
4116.6572405787 3285.7572405786996 686064.0 1 500.56853964884476 680 520
4067.2193605804828 3271.3193605804827 686079.0 1 501.26354977722906 680 515
4027.38107197188 3249.6810719718796 686094.0 1 485.95548451424156 690 516
3991.681513340939 3215.381513340939 686109.0 1 486.4347761831266 690 518
3972.1731793411072 3176.9731793411074 686124.0 1 492.52975995786977 690 521
3961.988678846569 3136.6886788465695 686139.0 1 480.91124872477684 690 519
3977.311827948028 3105.811827948028 686154.0 1 487.58483036241853 700 516
3996.459379138587 3086.459379138587 686169.0 1 485.4854155209699 700 513
4034.077369488844 3074.377369488844 686184.0 1 476.32244260317293 700 522
4081.6528838613817 3075.052883861382 686199.0 1 472.9461048601244 700 522
4135.53866893735 3094.63866893735 686214.0 1 471.32817607322005 700 518
4185.085232518563 3130.1852325185637 686229.0 1 476.533679062915 700 518
4230.873430876092 3182.2734308760923 686244.0 1 461.23208756218787 690 513
4269.340440528515 3234.7404405285147 686259.0 1 469.91444930525415 700 509
4294.193452941132 3273.593452941133 686274.0 1 480.270804329144 690 497
4310.408106880371 3303.108106880371 686289.0 1 479.7799339935081 690 501
4313.212000149653 3297.5120001496534 686304.0 1 492.03392978943174 690 515
4312.556874933223 3279.3568749332235 686319.0 1 489.05980445337224 690 516
4312.085539979936 3253.6855399799365 686334.0 1 498.78885364233867 690 530
4306.3007401594505 3202.4007401594513 686349.0 1 492.05619817498007 690 532
4302.942759421301 3154.9427594213016 686364.0 1 489.90942261183534 690 535
4299.88063941952 3127.38063941952 686379.0 1 492.742204532248 690 533
4304.018928028118 3111.918928028119 686394.0 1 488.2248536009919 690 519
4317.318486659059 3109.1184866590593 686409.0 1 492.85079480258776 690 499
4336.826820658891 3118.1268206588916 686424.0 1 473.9532020796088 690 496
4363.11132115343 3134.61132115343 686439.0 1 477.3552046981747 690 501
4393.288172051972 3168.9881720519725 686454.0 1 477.37795206597985 700 505
4430.14062086141 3203.04062086141 686469.0 1 452.9591045190849 690 505
4469.522630511152 3221.422630511152 686484.0 1 456.48339382379265 690 497
4497.5471161386195 3229.8471161386187 686499.0 1 457.1003763224815 700 512
4517.161331062651 3220.7613310626507 686514.0 1 461.20695293324025 700 543
4529.214767481437 3202.714767481437 686529.0 1 457.27903706308575 700 543
4539.426569123907 3178.6265691239073 686544.0 1 447.33250655897416 710 553
4549.259559471484 3159.0595594714846 686559.0 1 453.5521613300186 710 556
4557.306547058866 3144.006547058866 686574.0 1 441.0813771125893 720 554
4566.291893119632 3138.2918931196327 686589.0 1 440.1214931186417 720 542
4576.787999850345 3138.9879998503447 686604.0 1 441.36608531116497 720 542
4587.24312506678 3147.34312506678 686619.0 1 441.20701582121416 720 542
4603.114460020065 3166.0144600200656 686634.0 1 440.62924746131205 720 539
4622.199259840549 3192.0992598405483 686649.0 1 443.5182361445701 720 537
4643.757240578699 3215.0572405786984 686664.0 1 435.6474397135616 730 546
4664.31936058048 3235.6193605804806 686679.0 1 441.68780198728734 730 536
4681.181071971882 3240.581071971882 686694.0 1 458.72536830148135 740 539
4695.881513340946 3239.8815133409466 686709.0 1 459.96718367344215 740 545
4703.6731793411045 3231.573179341105 686724.0 1 458.03309463343436 750 553
4713.7886788465685 3212.2886788465685 686739.0 1 448.72104923981084 750 559
4725.611827948028 3196.111827948028 686754.0 1 452.6700774644476 750 561
4739.859379138588 3184.4593791385887 686769.0 1 447.6279684028322 750 559
4757.877369488846 3176.577369488846 686784.0 1 442.45680361185606 750 554
4776.052883861379 3173.0528838613795 686799.0 1 439.012739982996 750 551
4792.138668937343 3173.7386689373425 686814.0 1 435.0919136378312 750 545
4812.985232518561 3186.885232518562 686829.0 1 441.59663059664695 750 536
4834.9734308760935 3201.173430876093 686844.0 1 442.71744062725656 750 537
4858.740440528515 3216.540440528516 686859.0 1 450.5061119587377 750 551
4882.89345294113 3235.7934529411305 686874.0 1 450.55598056084057 750 546
4908.908106880368 3253.408106880368 686889.0 1 442.8363961974718 750 548
4936.212000149656 3261.812000149656 686904.0 1 453.91904665634866 740 553
4953.756874933225 3264.656874933226 686919.0 1 458.98653348975273 740 550
4963.785539979935 3255.785539979935 686934.0 1 478.3279275156385 740 559
4972.700740159451 3247.2007401594515 686949.0 1 479.48047715946166 750 559
4985.4427594213 3235.4427594213003 686964.0 1 482.11210158570657 750 554
5001.280639419522 3229.5806394195224 686979.0 1 475.2538675335735 750 540
5018.018928028121 3230.218928028122 686994.0 1 476.1811501667649 750 546
5043.218486659056 3237.218486659057 687009.0 1 468.6532859296953 750 546
5067.626820658894 3245.526820658894 687024.0 1 481.8463443773174 750 538
5093.211321153431 3256.411321153431 687039.0 1 470.83250699806314 760 532
5116.388172051972 3268.3881720519717 687054.0 1 460.4277561836491 760 543
5136.440620861415 3280.7406208614148 687069.0 1 463.12212164643705 760 529
5153.422630511154 3297.7226305111544 687084.0 1 479.9221138959345 770 524
5167.4471161386155 3316.647116138616 687099.0 1 485.14100391621315 770 535
5180.061331062653 3335.561331062653 687114.0 1 488.9393663973331 770 544
5190.014767481435 3344.114767481435 687129.0 1 482.8928652639611 780 540
5198.126569123907 3347.3265691239067 687144.0 1 451.79028369798914 780 535
5204.459559471484 3347.3595594714834 687159.0 1 445.8802330364477 790 527
5224.406547058865 3340.0065470588647 687174.0 1 452.5837004553545 790 527
5245.991893119631 3326.5918931196306 687189.0 1 420.78851452393167 780 520
5269.087999850342 3299.2879998503427 687204.0 1 416.54358624863715 780 516
5293.543125066778 3271.9431250667776 687219.0 1 416.9232585409673 780 515
5315.714460020066 3236.714460020067 687234.0 1 418.3806218917892 780 519
5338.299259840548 3195.5992598405487 687249.0 1 435.71177332200284 800 522
5357.7572405787 3153.4572405787 687264.0 1 445.81577869739607 800 526
5375.5193605804825 3105.4193605804826 687279.0 1 438.9303465759469 800 530
5390.281071971879 3054.3810719718795 687294.0 1 431.5776221866599 810 538
5402.181513340944 2993.481513340944 687309.0 1 421.9064717437307 810 543
5412.0731793411105 2917.273179341111 687324.0 1 425.65434136757324 810 546
5416.588678846568 2830.7886788465676 687339.0 1 371.8345826797369 810 548
5411.611827948028 2739.7118279480283 687354.0 1 356.04278901520337 820 561
5400.659379138587 2645.4593791385873 687369.0 1 320.84311207114746 810 570
5378.0773694888485 2548.677369488849 687384.0 1 295.69581074886173 820 584
5338.852883861382 2464.6528838613826 687399.0 1 303.9075791864541 820 592
5289.138668937346 2382.738668937345 687414.0 1 240.9508170032943 820 568
5214.085232518561 2304.8852325185603 687429.0 1 241.27476626119292 820 572
5125.473430876093 2228.1734308760924 687444.0 1 217.2844981009973 830 584
5026.740440528516 2153.9404405285163 687459.0 1 177.34962617517905 820 588
4910.193452941132 2092.6934529411324 687474.0 1 181.88316643384402 820 575
4774.508106880366 2040.3081068803654 687489.0 1 119.46687006554282 810 575
4626.812000149653 1993.412000149653 687504.0 1 113.97610923059614 810 546
4449.056874933223 1967.556874933223 687519.0 1 117.62139849531115 810 524
4237.885539979936 1955.185539979936 687534.0 1 65.08887767766885 800 465
4004.6007401594516 1950.1007401594513 687549.0 1 54.970272579445435 790 436
3768.142759421299 1967.0427594212995 687564.0 1 57.528093653425984 790 387
3521.480639419516 1999.6806394195162 687579.0 1 56.26738400899119 780 363
3268.7189280281245 2036.7189280281245 687594.0 1 85.3229508084753 780 387
3037.7184866590596 2077.31848665906 687609.0 1 94.94671280011077 760 420
2833.9268206588918 2117.826820658892 687624.0 1 126.5085706117559 760 430
2647.41132115343 2157.41132115343 687639.0 1 144.29895860142804 760 456
2508.888172051971 2195.2881720519713 687654.0 1 164.2161440521281 740 463
2416.2406208614134 2236.3406208614133 687669.0 1 178.32526480865525 740 464
2354.1226305111563 2274.3226305111566 687684.0 1 197.02671946648476 740 463
2320.5471161386185 2310.0471161386185 687699.0 1 187.31858492926938 740 461
2316.3613310626506 2344.3613310626506 687714.0 1 212.43002475986145 740 456
2331.2147674814364 2381.6147674814365 687729.0 1 229.5214378439341 740 468
2381.326569123906 2424.0265691239065 687744.0 1 235.55352598544388 740 488
2468.8595594714843 2467.459559471484 687759.0 1 219.96570454955534 740 512
2580.5065470588665 2511.2065470588664 687774.0 1 234.01871108771522 750 526
2734.391893119628 2556.5918931196284 687789.0 1 247.13696973539845 750 542
2913.587999850345 2609.7879998503454 687804.0 1 249.45281778413596 750 553
3109.5431250667757 2658.7431250667755 687819.0 1 253.3850613199447 740 564
3348.7144600200627 2701.914460020063 687834.0 1 247.9727635816618 740 575
3593.8992598405484 2746.1992598405486 687849.0 1 248.17866028832873 740 591
3843.6572405786983 2790.1572405786983 687864.0 1 264.4910902635668 750 589
4096.61936058048 2832.4193605804803 687879.0 1 269.1236696970197 750 592
4339.581071971881 2870.9810719718816 687894.0 1 275.36952377749117 750 595
4576.181513340941 2909.481513340941 687909.0 1 256.51405160435235 750 595
4806.573179341108 2949.473179341109 687924.0 1 242.53015344470418 750 616
5025.98867884657 2987.58867884657 687939.0 1 236.4852166436694 760 641
5238.011827948028 3024.611827948028 687954.0 1 236.3772156181992 760 642
5428.6593791385885 3065.459379138589 687969.0 1 233.66177134399067 760 641
5604.177369488847 3098.877369488847 687984.0 1 220.93323690374984 770 643
5769.35288386138 3126.8528838613797 687999.0 1 213.43950344946396 770 644
5908.6386689373485 3156.9386689373478 688014.0 1 205.97743014572828 780 641
6019.785232518562 3187.585232518562 688029.0 1 207.61722028081914 780 646
6112.473430876093 3210.273430876092 688044.0 1 196.35068650937987 780 643
6181.040440528515 3226.340440528515 688059.0 1 185.07868767248993 780 644
6227.593452941134 3241.393452941134 688074.0 1 189.4418819293094 780 644
6259.908106880367 3244.3081068803676 688089.0 1 188.78679984638018 780 649
6287.21200014965 3240.1120001496497 688104.0 1 206.34161347151988 790 662
6295.656874933221 3239.4568749332207 688119.0 1 225.41334139934196 790 672
6295.185539979935 3238.9855399799344 688134.0 1 229.91949553206365 790 690
6290.8007401594505 3238.8007401594514 688149.0 1 244.3816432946481 780 702
6290.9427594213 3234.742759421301 688164.0 1 241.75328961881922 780 714
6291.380639419518 3235.1806394195187 688179.0 1 265.5930534116941 770 728
6292.0189280281165 3235.8189280281167 688194.0 1 264.0426696583747 770 650
6289.218486659057 3236.5184866590575 688209.0 1 290.51464457497747 770 637
6289.826820658894 3242.0268206588944 688224.0 1 251.8626663377502 770 636
6290.211321153431 3242.4113211534313 688239.0 1 254.38018595277094 770 645
6290.288172051972 3242.488172051972 688254.0 1 257.1407206465304 770 636
6285.840620861411 3242.2406208614116 688269.0 1 256.9573283984938 780 636
6285.322630511154 3241.722630511154 688284.0 1 251.1428911685912 780 637
6284.647116138621 3241.0471161386213 688299.0 1 225.62004489851992 790 641
6283.961331062653 3240.361331062653 688314.0 1 248.02713799107403 790 653
6283.414767481438 3236.314767481438 688329.0 1 225.2405895829626 800 664
6283.126569123906 3236.026569123907 688344.0 1 222.79337225075218 800 662
6278.959559471484 3236.059559471484 688359.0 1 202.44182519763464 810 658
6279.306547058868 3236.406547058869 688374.0 1 210.29404777679213 810 646
6279.89189311963 3236.991893119631 688389.0 1 207.71879521920403 810 638
6280.587999850342 3237.687999850343 688404.0 1 204.59586469271312 810 619
6281.243125066778 3238.343125066778 688419.0 1 192.44672949201538 810 602
6281.7144600200645 3242.314460020065 688434.0 1 214.1219365671576 810 595
6281.899259840548 3242.4992598405483 688449.0 1 204.7717436659585 810 591
6281.7572405787 3242.3572405786995 688464.0 1 218.47368923668162 810 591
6284.819360580477 3241.919360580478 688479.0 1 210.85462796910082 810 594
6284.181071971879 3241.281071971879 688494.0 1 204.96117145895926 810 595
6283.481513340943 3240.5815133409437 688509.0 1 203.1486018216766 810 599
6282.873179341106 3239.9731793411065 688524.0 1 190.87198411648427 810 602
6282.488678846569 3239.588678846569 688539.0 1 192.22055830153704 810 603
6282.411827948027 3239.511827948028 688554.0 1 190.74977104372417 810 605
6282.659379138588 3239.759379138588 688569.0 1 211.90377743438228 810 608
6283.177369488844 3240.2773694888447 688584.0 1 212.3113001047938 810 613
6283.852883861383 3240.9528838613833 688599.0 1 204.17604773104534 810 617
6284.538668937345 3241.6386689373458 688614.0 1 199.92607467890326 810 619
6285.085232518564 3242.185232518564 688629.0 1 208.38168058120266 810 613
6285.373430876092 3242.473430876093 688644.0 1 210.86598856347476 810 617
6285.340440528516 3242.4404405285163 688659.0 1 218.5270192556026 810 613
6284.993452941132 3242.093452941132 688674.0 1 209.07392146075543 810 616
6280.90810688037 3241.50810688037 688689.0 1 200.44565652941398 810 620
6280.212000149658 3240.812000149658 688704.0 1 215.02817868882113 810 619
6279.556874933222 3240.1568749332228 688719.0 1 212.52314374167437 810 611
6279.085539979933 3239.6855399799333 688734.0 1 180.18586327497047 820 610
6278.900740159451 3239.500740159451 688749.0 1 179.3396916168402 820 600
6279.0427594213 3239.6427594213 688764.0 1 179.85195514417003 820 592
6279.48063941952 3240.080639419521 688779.0 1 185.24305226768163 820 585
6280.11892802812 3240.71892802812 688794.0 1 183.13155087700122 820 595
6280.8184866590545 3241.418486659055 688809.0 1 187.47116030268512 820 586
6281.426820658892 3242.0268206588926 688824.0 1 174.18391082442582 820 577
6281.811321153432 3242.4113211534323 688839.0 1 144.6798714977291 820 566
6281.888172051971 3242.4881720519716 688854.0 1 134.50890742149093 820 561
6278.140620861413 3238.740620861413 688869.0 1 135.3057933806411 820 539
6277.622630511151 3238.2226305111512 688884.0 1 143.97527411433722 820 527
6276.947116138618 3237.547116138618 688899.0 1 97.46667720095832 840 505
6276.261331062655 3236.861331062655 688914.0 1 97.16565066890851 840 473
6275.714767481436 3236.3147674814363 688929.0 1 111.1187612198095 840 396
6275.426569123907 3236.0265691239074 688944.0 1 108.09816837383048 840 317
6271.959559471483 3236.059559471483 688959.0 1 117.16456023619111 840 186
