89
4494.886474508437 4573.286474508437 939570.0 0 625.5819677654331 640 200
4510.819014250393 4630.5190142503925 939585.0 1 630.6064170432459 640 249
4511.5 4646.599999999999 939600.0 1 626.7390298857733 640 299
4512.180985749607 4653.580985749607 939615.0 1 650.4093656459327 650 344
4516.21352549156 4654.11352549156 939630.0 1 636.9677462422189 650 372
4522.081532510892 4649.481532510893 939645.0 1 658.964573834463 650 402
4529.726584774443 4640.326584774443 939660.0 1 668.4501747477831 650 413
4539.160660171783 4606.360660171783 939675.0 1 673.5033779529949 640 404
4546.2635254915585 4557.463525491559 939690.0 1 679.5185432792559 650 396
4551.865348302438 4512.665348302438 939705.0 1 682.2513210415103 650 317
4555.418322121562 4464.418322121562 939720.0 1 671.4011345617625 650 144
4402.980985749612 4324.580985749612 939885.0 0 633.4375126735296 640 196
4354.000000000001 4298.700000000001 939900.0 1 629.172027056103 640 275
4333.019014250393 4288.219014250393 939915.0 1 640.9381529180337 640 294
4319.88647450844 4279.286474508441 939930.0 1 624.8693367167475 630 348
4319.6184674891065 4279.018467489107 939945.0 1 632.4011990983212 630 396
4351.8734152255565 4279.073415225557 939960.0 1 623.0832712368217 630 417
4401.939339828219 4285.0393398282185 939975.0 1 622.9290891272175 630 441
4486.536474508434 4297.536474508434 939990.0 1 643.055772343064 640 463
4575.43465169756 4327.63465169756 940005.0 1 648.6713942874148 640 469
4670.5816778784365 4366.781677878436 940020.0 1 648.745421404008 640 471
4766.93650978628 4412.73650978628 940035.0 1 648.6742512343711 650 445
4828.7 4439.5 940050.0 1 656.8426268051783 660 399
4867.736509786281 4444.236509786281 940065.0 1 660.4866524193628 660 244
4877.081677878439 4434.681677878439 940080.0 1 663.0770849756238 670 70
4552.409518770263 4291.309518770264 940276.5 0 639.9178855615188 660 202
4551.095809574949 4264.795809574949 940291.5 1 624.9419102278299 650 225
4529.395819056963 4217.895819056963 940306.5 1 629.8803702438377 650 324
4493.762136015496 4150.762136015496 940321.5 1 634.9097481450235 650 420
4436.6328950850475 4062.1328950850475 940336.5 1 616.6204382046901 650 493
4364.401665187556 3963.3016651875564 940351.5 1 618.4425973690694 650 498
4284.797052728341 3857.797052728342 940366.5 1 608.7613329656035 650 512
4216.676465773 3755.3764657729994 940381.5 1 599.4627474836749 660 499
4156.435398533356 3684.635398533357 940396.5 1 590.0471790025149 660 468
4112.330212265671 3635.630212265671 940411.5 1 594.3882680866574 650 453
4087.009446642468 3618.7094466424683 940426.5 1 582.0061767007579 650 304
4074.046836127686 3629.546836127686 940441.5 1 569.7226476411571 640 179
4080.368834215933 3658.968834215933 940456.5 1 547.9146418071373 640 68
4230.946288957947 3957.9462889579468 940531.5 0 560.9805483951311 620 51
4321.009058566818 4080.909058566817 940546.5 1 579.6725487114217 620 101
4354.696833953755 4117.396833953756 940561.5 1 584.298637890325 620 156
4376.790481229735 4127.590481229735 940576.5 1 582.7931260196293 630 216
4399.10419042505 4110.704190425049 940591.5 1 612.0858377427622 630 267
4422.904180943029 4076.40418094303 940606.5 1 600.555292852339 630 351
4446.6378639845025 4014.037863984502 940621.5 1 603.4474456123811 640 393
4479.967104914951 3947.9671049149515 940636.5 1 600.7507486595416 640 415
4525.598334812443 3876.6983348124427 940651.5 1 599.3553345734658 650 417
4580.002947271656 3807.902947271656 940666.5 1 598.0639697896922 660 418
4632.023534226997 3761.2235342269964 940681.5 1 595.84585712515 660 425
4687.364601466638 3726.964601466638 940696.5 1 580.0831135024118 670 402
4746.869787734335 3696.8697877343347 940711.5 1 572.7883452626357 680 354
4804.390553357533 3696.290553357532 940726.5 1 566.5020209638267 680 160
4930.495809574951 4266.895809574951 940891.5 0 563.7227662443935 660 356
4917.895819056966 4248.695819056966 940906.5 1 555.9062829429673 660 373
4902.562136015495 4217.962136015494 940921.5 1 565.1751717229847 660 362
4891.632895085047 4169.232895085046 940936.5 1 588.6668527039647 670 387
4888.001665187557 4120.801665187557 940951.5 1 587.2653176985534 670 382
4894.49705272834 4085.9970527283403 940966.5 1 581.5136026867661 680 330
4906.876465773002 4060.576465773002 940981.5 1 580.9736715223218 680 302
4921.53539853336 4061.23539853336 940996.5 1 577.9565830087464 680 256
4938.330212265663 4095.5302122656635 941011.5 1 569.2823240764985 680 151
4958.50944664247 4147.20944664247 941026.5 1 572.4635440742353 680 153
4979.846836127686 4223.146836127687 941041.5 1 572.0683920294894 680 155
5000.868834215932 4308.568834215932 941056.5 1 579.3151940818616 680 179
5022.970645611009 4400.67064561101 941071.5 1 569.9355806760946 680 198
5045.517271537908 4496.717271537907 941086.5 1 579.639160181349 680 247
5074.229340323937 4588.429340323938 941101.5 1 605.8506408200162 680 267
5103.656811997355 4655.656811997355 941116.5 1 596.3475490524418 690 277
5124.846288957948 4709.046288957948 941131.5 1 618.4717358910509 690 281
5140.009058566818 4735.409058566817 941146.5 1 634.4238212652615 680 315
5149.196833953754 4743.896833953754 941161.5 1 661.5547816955851 680 334
5153.090481229733 4744.290481229733 941176.5 1 637.9381545312252 680 344
5153.704190425052 4713.404190425052 941191.5 1 666.305648303722 680 371
5154.404180943033 4647.604180943033 941206.5 1 671.5768905348928 690 366
5158.5378639845 4555.8378639845005 941221.5 1 667.9273485731428 690 384
5170.8671049149525 4423.267104914952 941236.5 1 665.0944086966641 690 374
5188.498334812443 4265.198334812443 941251.5 1 659.3875052411005 700 404
5209.30294727166 4089.3029472716594 941266.5 1 640.3302670397111 700 413
5230.523534226994 3910.323534226994 941281.5 1 615.8824828013697 710 439
5252.964601466635 3745.164601466635 941296.5 1 605.6204042249809 720 473
5271.869787734332 3589.769787734332 941311.5 1 583.3201952211883 720 474
5288.090553357534 3457.590553357534 941326.5 1 560.943088485447 730 520
5293.3531638723125 3365.5531638723132 941341.5 1 543.044239227124 740 526
5287.031165784067 3299.731165784067 941356.5 1 529.7158322382074 740 561
5272.629354388989 3256.629354388989 941371.5 1 505.4085599519791 740 591
5240.982728462091 3232.682728462091 941386.5 1 487.61536319754117 740 583
5180.0706596760665 3222.170659676066 941401.5 1 451.0323105906791 740 551
5099.543188002647 3237.543188002648 941416.5 1 453.1210405120801 740 471
5016.05371104205 3260.4537110420506 941431.5 1 457.87096314985297 740 155
