101
3338.3328950850473 3946.632895085047 648736.5 0 748.150182236024 500 93
3322.8016651875564 3889.1016651875566 648751.5 1 746.8900969579449 500 151
3318.09705272834 3885.09705272834 648766.5 1 751.9579539353218 490 143
3318.576465773005 3889.7764657730054 648781.5 1 746.2761298216641 490 196
3329.735398533364 3900.935398533364 648796.5 1 734.8682089970166 480 217
3375.2302122656674 3961.8302122656673 648811.5 1 741.1941193319536 480 225
3442.309446642469 4075.809446642469 648826.5 1 747.584914449805 480 244
3537.1468361276866 4225.246836127687 648841.5 1 750.862033300907 480 249
3653.368834215933 4388.368834215933 648856.5 1 759.0279520006785 480 249
3783.9706456110102 4549.07064561101 648871.5 1 781.8544240715865 480 239
3894.7172715379093 4659.117271537909 648886.5 1 793.3260192362799 480 250
3961.2293403239337 4736.129340323934 648901.5 1 798.6283327802691 480 265
3999.056811997352 4763.456811997352 648916.5 1 813.8436839566679 490 306
4002.0462889579458 4762.946288957946 648931.5 1 817.8091054608692 490 336
4001.809058566817 4750.109058566817 648946.5 1 817.9812800410176 490 400
4001.896833953754 4705.396833953754 648961.5 1 839.9813153856525 500 471
3988.290481229732 4584.690481229732 648976.5 1 860.3454734554458 490 524
3963.0041904250506 4413.104190425051 648991.5 1 860.980163756928 500 581
3928.704180943031 4158.3041809430315 649006.5 1 845.4760096557271 500 613
3887.3378639844987 3870.537863984499 649021.5 1 848.6525166825928 510 616
3843.667104914954 3560.8671049149543 649036.5 1 841.8496447976669 520 634
3797.5983348124428 3317.3983348124425 649051.5 1 835.0745737588697 520 643
3791.8029472716576 3177.2029472716576 649066.5 1 809.0517229051459 520 641
3803.9235342270003 3106.723534227 649081.5 1 802.767540502435 530 636
3827.0646014666368 3065.464601466637 649096.5 1 803.6783505633646 540 589
3843.1697877343336 3051.4697877343337 649111.5 1 784.7229368975335 540 569
3847.490553357535 3056.490553357535 649126.5 1 777.9532028760821 540 529
3843.6531638723136 3114.2531638723135 649141.5 1 775.7189944291683 540 509
3828.2311657840673 3222.0311657840675 649156.5 1 779.9582443651448 530 522
3783.029354388992 3363.729354388992 649171.5 1 769.6602029824134 530 546
3717.0827284620946 3483.9827284620947 649186.5 1 773.6551467723887 530 606
3635.1706596760646 3554.6706596760646 649201.5 1 777.8974814870155 530 658
3558.1431880026466 3593.1431880026466 649216.5 1 782.0740092412908 520 682
3483.75371104205 3606.9537110420497 649231.5 1 768.4856201308738 520 728
3437.0909414331827 3607.1909414331826 649246.5 1 773.8782555450128 520 725
3415.3031660462457 3600.8031660462457 649261.5 1 772.871568121086 510 710
3409.3095187702643 3588.509518770264 649276.5 1 762.3834340957242 510 690
3414.2958095749445 3578.0958095749447 649291.5 1 781.2380894956096 510 678
3459.095819056964 3547.2958190569643 649306.5 1 773.5826885309583 500 662
3531.262136015497 3501.862136015497 649321.5 1 774.3039847287075 500 650
3642.132895085048 3507.7328950850483 649336.5 1 769.1863769747471 500 656
3775.701665187557 3555.201665187557 649351.5 1 777.9462043823903 510 661
3924.9970527283413 3630.2970527283414 649366.5 1 781.0515207792046 510 650
4085.0764657729983 3728.7764657729986 649381.5 1 791.9002417008686 510 653
4203.3353985333615 3814.1353985333617 649396.5 1 797.0480515524146 520 649
4294.3302122656705 3891.1302122656703 649411.5 1 802.6152717693643 520 652
4345.309446642467 3927.409446642467 649426.5 1 809.6043607184902 530 670
4357.546836127685 3942.4468361276854 649441.5 1 797.3852282082605 530 717
4342.868834215932 3942.468834215932 649456.5 1 826.1089065893291 540 739
4318.070645611008 3952.6706456110082 649471.5 1 821.6265110802393 540 739
4267.117271537912 3957.7172715379115 649486.5 1 821.819111386593 540 743
4197.829340323936 3938.1293403239365 649501.5 1 832.8749691491089 540 745
4134.856811997353 3903.156811997354 649516.5 1 835.1476392367873 540 742
4074.8462889579473 3836.146288957947 649531.5 1 829.7994289841458 540 737
4016.5090585668163 3743.5090585668163 649546.5 1 829.7724176061 540 730
3989.996833953755 3633.6968339537552 649561.5 1 845.9977214556077 530 722
3990.390481229734 3557.0904812297345 649576.5 1 836.2365964954798 540 725
4006.4041904250485 3503.8041904250485 649591.5 1 836.2105747485277 540 705
4051.204180943034 3465.304180943034 649606.5 1 820.1752010924668 530 684
4110.637863984502 3458.2378639845015 649621.5 1 818.8970352256349 540 667
4179.667104914952 3495.767104914951 649636.5 1 819.6220369231072 540 667
4260.298334812443 3562.3983348124425 649651.5 1 815.6004647217788 540 637
4329.402947271656 3645.5029472716565 649666.5 1 814.6306928784375 540 614
4391.223534226998 3728.3235342269973 649681.5 1 817.300705284524 540 620
4408.764601466639 3777.364601466639 649696.5 1 828.2168797593364 540 640
4402.469787734331 3805.3697877343307 649711.5 1 818.5086204855352 540 696
4380.190553357533 3813.890553357533 649726.5 1 821.7023555697344 540 724
4369.353163872313 3809.3531638723143 649741.5 1 838.0235457798565 550 725
4358.831165784067 3796.0311657840666 649756.5 1 833.8408540118171 550 724
4350.02935438899 3776.02935438899 649771.5 1 836.447711835136 550 711
4350.582728462092 3749.282728462092 649786.5 1 840.8729581230741 540 707
4359.670659676061 3717.770659676062 649801.5 1 838.299062815628 540 690
4386.94318800265 3683.443188002649 649816.5 1 840.5616075522299 540 646
4432.9537110420515 3676.9537110420515 649831.5 1 824.4634072891015 550 586
4490.590941433182 3689.790941433182 649846.5 1 836.9037045635121 550 562
4565.403166046245 3741.503166046245 649861.5 1 833.6416413225093 550 497
4643.409518770266 3795.709518770266 649876.5 1 844.6032018762429 550 498
4700.195809574952 3851.7958095749523 649891.5 1 844.7778378875958 550 499
4742.195819056961 3872.795819056961 649906.5 1 840.0344049897931 550 543
4751.362136015495 3872.162136015495 649921.5 1 846.5931964259963 560 611
4750.932895085047 3863.332895085047 649936.5 1 844.1205620017446 560 676
4747.301665187556 3851.301665187557 649951.5 1 862.2580462432882 560 721
4743.297052728342 3829.797052728343 649966.5 1 872.3589403076832 570 750
4743.776465773 3802.2764657730013 649981.5 1 867.4031650013578 570 757
4739.5353985333595 3753.235398533359 649996.5 1 878.3241636586623 570 759
4747.230212265667 3723.830212265668 650011.5 1 886.0334551717905 560 761
4769.509446642469 3708.309446642469 650026.5 1 868.6962256187184 570 746
4800.646836127687 3699.5468361276867 650041.5 1 875.4282886844959 570 721
4843.368834215933 3710.7688342159327 650056.5 1 869.9012755208574 570 719
4895.5706456110065 3734.9706456110066 650071.5 1 885.3821396637026 570 717
4954.5172715379085 3773.6172715379084 650086.5 1 876.679086429706 570 713
4990.929340323939 3794.629340323939 650101.5 1 868.9789346728334 570 717
5015.456811997351 3804.4568119973515 650116.5 1 872.2056176989122 570 722
5032.446288957949 3800.4462889579486 650131.5 1 863.0592425046276 570 751
5039.2090585668175 3792.509058566817 650146.5 1 875.0100101184946 570 765
5046.9968339537545 3776.4968339537545 650161.5 1 872.7566836133582 570 826
5058.590481229736 3755.890481229736 650176.5 1 868.8857522320042 570 828
5076.004190425051 3742.504190425051 650191.5 1 878.2334918205652 580 854
5122.904180943032 3743.2041809430316 650206.5 1 881.0603403920601 580 879
5187.237863984503 3757.8378639845037 650221.5 1 880.2416363614176 580 869
5301.067104914952 3816.367104914952 650236.5 1 894.1369588767703 580 619
