98
4549.299999999996 3839.4999999999964 1252800.0 0 691.5435803206259 560 60
4549.980985749608 3840.1809857496087 1252815.0 1 690.6720668979539 560 112
4532.313525491557 3822.5135254915576 1252830.0 1 699.6504278857323 560 148
4510.881532510892 3806.681532510892 1252845.0 1 686.1932169228232 560 173
4474.426584774446 3779.326584774446 1252860.0 1 698.9648437494292 560 186
4427.860660171777 3745.3606601717784 1252875.0 1 689.4908654049788 560 206
4377.563525491557 3726.563525491558 1252890.0 1 694.6578778465423 560 244
4327.165348302442 3720.265348302442 1252905.0 1 693.3182694088578 560 270
4297.81832212156 3723.1183221215606 1252920.0 1 695.2470420280384 560 274
4281.263490213721 3754.8634902137205 1252935.0 1 687.3742252132062 550 270
4281.099999999999 3830.9999999999995 1252950.0 1 694.9309896552725 550 267
4321.863490213717 3937.5634902137167 1252965.0 1 691.8849406805094 550 265
4382.518322121563 4080.118322121563 1252980.0 1 680.2381190008948 550 255
4477.665348302434 4231.965348302434 1252995.0 1 691.031708713803 550 272
4582.66352549156 4390.86352549156 1253010.0 1 690.996625298007 560 267
4694.560660171781 4512.560660171781 1253025.0 1 713.8383472952537 560 270
4787.326584774441 4586.426584774441 1253040.0 1 722.2954257448091 550 272
4834.981532510893 4629.181532510893 1253055.0 1 735.812367664416 550 272
4852.213525491563 4621.213525491563 1253070.0 1 745.84608217288 550 285
4859.380985749606 4554.180985749606 1253085.0 1 751.8708189481155 540 320
4845.400000000004 4447.800000000004 1253100.0 1 753.1182570678876 540 351
4817.419014250391 4242.719014250391 1253115.0 1 739.1202343158948 540 387
4753.186474508436 3985.286474508436 1253130.0 1 740.686505994241 540 398
4669.618467489107 3693.1184674891083 1253145.0 1 729.3711034757101 550 441
4573.073415225556 3471.973415225556 1253160.0 1 732.7824253890682 560 486
4498.53933982822 3317.6393398282203 1253175.0 1 728.3229194587885 560 524
4425.63647450844 3207.636474508441 1253190.0 1 717.8026572826626 560 561
4353.534651697556 3133.434651697556 1253205.0 1 686.5054839422476 570 586
4305.8816778784385 3113.7816778784377 1253220.0 1 690.6805440895808 580 614
4273.436509786278 3129.6365097862786 1253235.0 1 679.2748542017669 580 591
4247.0 3211.0 1253250.0 1 667.0908503626434 570 588
4246.836509786283 3357.8365097862834 1253265.0 1 664.8702326346877 570 577
4259.681677878438 3549.1816778784373 1253280.0 1 655.5969719410219 570 455
4336.034651697555 3747.3346516975557 1253295.0 1 674.1004666927024 560 219
4708.29705272834 3731.79705272834 1253566.5 0 726.658871378996 480 217
4715.076465773001 3791.076465773001 1253581.5 1 710.1829890802076 500 218
4715.735398533364 3807.1353985333644 1253596.5 1 733.0683017019858 530 221
4716.430212265663 3800.130212265663 1253611.5 1 730.6751922392139 550 275
4721.209446642465 3788.109446642465 1253626.5 1 720.036826396443 570 330
4726.446836127687 3738.0468361276867 1253641.5 1 721.8486253366244 580 373
4726.468834215932 3661.7688342159317 1253656.5 1 714.9609031770394 580 392
4726.1706456110105 3578.1706456110105 1253671.5 1 718.7182521359985 580 409
4741.717271537908 3533.5172715379085 1253686.5 1 697.1681362391713 580 413
4757.829340323944 3514.6293403239442 1253701.5 1 694.8232941704887 580 423
4797.756811997357 3513.9568119973565 1253716.5 1 701.1474570276041 580 417
4851.846288957949 3558.246288957949 1253731.5 1 696.0460283160498 580 425
4920.209058566817 3634.309058566817 1253746.5 1 705.4509630441204 580 404
4990.996833953756 3766.6968339537566 1253761.5 1 701.9621780005431 580 339
5041.790481229732 3868.590481229732 1253776.5 1 698.4026467562533 580 171
5105.736124857092 3721.1361248570925 1253943.0 0 716.4735312173061 570 155
5198.847125258307 3669.3471252583067 1253958.0 1 725.017951935227 580 188
5213.874833395549 3664.7748333955487 1253973.0 1 728.6841187532357 580 188
5210.947813170969 3665.3478131709685 1253988.0 1 715.5054961489974 580 249
5217.941162469976 3678.6411624699763 1254003.0 1 705.654302584914 590 344
5218.60374019247 3699.60374019247 1254018.0 1 707.2644803998323 590 366
5219.091113040502 3730.891113040503 1254033.0 1 710.770622811739 600 387
5208.7970400926415 3760.497040092642 1254048.0 1 709.4762476024514 600 410
5184.176631938525 3788.3766319385254 1254063.0 1 710.9965060504378 600 474
5150.856135984628 3797.756135984628 1254078.0 1 717.2175610490484 600 509
5111.727214862098 3793.6272148620983 1254093.0 1 710.3198888731187 600 520
5067.626965169253 3757.226965169253 1254108.0 1 708.8575141895091 600 537
5020.808032202011 3707.6080322020125 1254123.0 1 714.0899892961436 590 540
5000.8053352711695 3649.8053352711695 1254138.0 1 700.7265966011889 590 535
5000.706657053095 3590.206657053095 1254153.0 1 708.0004658532742 590 524
5007.233508111742 3556.1335081117413 1254168.0 1 706.704861625489 590 519
5037.836437876368 3539.836437876369 1254183.0 1 694.3456555581432 590 519
5092.405814220703 3549.6058142207025 1254198.0 1 699.4939712023129 580 509
5163.095721835953 3590.895721835952 1254213.0 1 707.3409918450382 590 501
5238.555769864165 3652.3557698641657 1254228.0 1 703.6828959925763 590 501
5293.463875142907 3719.8638751429066 1254243.0 1 702.599862067886 590 501
5334.052874741693 3754.852874741693 1254258.0 1 704.2896000377675 590 519
5338.625166604452 3768.525166604451 1254273.0 1 700.6287855971599 590 546
5338.0521868290325 3767.9521868290317 1254288.0 1 710.2045377674007 600 569
5326.158837530024 3746.9588375300245 1254303.0 1 708.8609930206391 600 586
5307.99625980753 3717.5962598075303 1254318.0 1 708.2141252744391 600 619
5292.108886959491 3671.608886959492 1254333.0 1 707.743355773574 600 631
5277.202959907358 3630.8029599073575 1254348.0 1 715.3852024244559 610 628
5287.123368061474 3594.5233680614733 1254363.0 1 723.8137034234505 600 616
5299.44386401537 3579.5438640153707 1254378.0 1 712.7493681838566 610 591
5330.1727851379 3572.4727851379002 1254393.0 1 709.6632900672189 610 526
5372.173034830745 3573.173034830745 1254408.0 1 723.6412483855785 620 377
5428.791967797986 3599.6919677979863 1254423.0 1 716.8703715448848 620 184
5487.294664728834 3642.094664728834 1254438.0 1 719.2027033808995 620 104
5527.293342946904 3693.9933429469042 1254453.0 1 721.0321787168331 620 99
5553.6664918882525 3722.4664918882527 1254468.0 1 719.8687992909456 620 188
5549.663562123632 3728.263562123632 1254483.0 1 702.8504888815319 610 346
5533.594185779299 3719.194185779298 1254498.0 1 710.3431053715934 610 488
5509.104278164049 3698.2042781640484 1254513.0 1 711.9944343844592 610 569
5483.344230135835 3674.544230135835 1254528.0 1 712.8242888767883 610 625
5459.936124857093 3638.5361248570925 1254543.0 1 704.6469358548443 600 661
5452.947125258306 3595.8471252583063 1254558.0 1 720.7575708483762 610 661
5453.274833395554 3554.874833395555 1254573.0 1 721.5286526335248 610 667
5481.147813170966 3535.847813170966 1254588.0 1 714.0098612089904 610 669
5538.541162469974 3531.641162469974 1254603.0 1 715.8418263141428 610 705
5617.603740192468 3558.2037401924676 1254618.0 1 717.1070724793124 620 770
5758.791113040507 3644.091113040507 1254633.0 1 717.8202655113163 620 788
5966.197040092642 3769.597040092642 1254648.0 1 715.1813141994785 620 751
6216.676631938526 3908.0766319385266 1254663.0 1 728.8435848708026 620 532
