184
2591.3946647288362 4731.294664728836 1907262.0 0 689.0180183258614 490 325
2567.8919677979825 4735.791967797983 1907277.0 1 704.58284081424 500 448
2549.773034830751 4741.473034830751 1907292.0 1 713.728408154163 510 474
2549.0727851379056 4747.772785137906 1907307.0 1 719.77291000147 520 496
2554.043864015384 4743.643864015383 1907322.0 1 729.1067111049684 530 613
2553.6233680614764 4696.323368061476 1907337.0 1 733.4693616368094 540 662
2553.5029599073573 4619.902959907357 1907352.0 1 732.2320700833428 540 702
2553.708886959489 4453.508886959488 1907367.0 1 753.8199828637685 540 713
2554.196259807535 4230.696259807535 1907382.0 1 752.2280609708237 540 722
2571.6588375300184 3970.2588375300184 1907397.0 1 751.3161981954842 540 728
2604.5521868290266 3711.9521868290262 1907412.0 1 757.0623920361508 540 727
2647.1251666044404 3463.3251666044403 1907427.0 1 752.1514289568968 550 720
2660.7528747416914 3221.4528747416916 1907442.0 1 740.4869934610475 550 725
2667.0638751429083 3017.763875142908 1907457.0 1 736.0322302914917 560 728
2666.7557698641695 2857.8557698641694 1907472.0 1 703.5590487789875 560 699
2669.6957218359476 2727.7957218359475 1907487.0 1 698.0216684175667 560 671
2669.005814220709 2659.205814220709 1907502.0 1 684.7248330022875 570 609
2668.336437876374 2647.336437876374 1907517.0 1 672.5556042464211 560 483
2658.733508111751 2672.733508111751 1907532.0 1 664.7627302095696 560 296
2377.1471252583083 4716.547125258308 1907742.0 0 757.2164185777798 540 690
2327.436124857091 4730.536124857092 1907757.0 1 757.0419099589168 540 691
2275.9442301358295 4742.04423013583 1907772.0 1 759.9867750361349 530 617
2270.2042781640507 4747.50427816405 1907787.0 1 767.404208408296 530 595
2295.3941857792897 4742.59418577929 1907802.0 1 757.2259369273106 520 592
2354.163562123624 4735.563562123624 1907817.0 1 771.2794618260515 520 616
2452.666491888254 4729.766491888255 1907832.0 1 778.0407964412889 520 622
2577.4933429469042 4739.093342946903 1907847.0 1 776.6764691961184 520 639
2741.194664728833 4758.594664728833 1907862.0 1 797.0231669747617 510 644
2922.7919677979926 4788.991967797993 1907877.0 1 797.4772299822572 520 647
3116.073034830743 4817.073034830743 1907892.0 1 800.4172302838423 520 647
3242.0727851379083 4811.4727851379075 1907907.0 1 804.7079195245122 510 641
3292.543864015377 4783.543864015377 1907922.0 1 802.3603607703487 520 636
3292.1233680614773 4731.323368061477 1907937.0 1 801.4323194892193 520 646
3236.702959907357 4647.202959907357 1907952.0 1 813.0407379153534 520 653
3135.408886959493 4541.708886959494 1907967.0 1 807.0992794932604 530 653
3004.9962598075235 4430.896259807523 1907982.0 1 804.7753455840495 530 656
2863.5588375300267 4339.858837530027 1907997.0 1 795.8337907302167 540 664
2750.852186829024 4262.8521868290245 1908012.0 1 807.2810280644244 540 699
2656.9251666044456 4201.825166604446 1908027.0 1 813.4556196105044 540 703
2612.452874741691 4169.952874741691 1908042.0 1 800.6232986966471 540 690
2612.463875142909 4157.363875142909 1908057.0 1 809.606867536536 540 691
2633.855769864171 4142.355769864171 1908072.0 1 811.6668375905192 540 697
2706.7957218359597 4123.59572183596 1908087.0 1 812.1060692545392 540 707
2824.4058142207004 4122.9058142207 1908102.0 1 809.3999087030834 540 710
2972.136437876376 4129.236437876376 1908117.0 1 808.5739430680561 540 713
3133.333508111746 4144.833508111746 1908132.0 1 812.1560271644529 540 713
3254.906657053096 4133.406657053096 1908147.0 1 808.7475819005896 550 713
3350.2053352711664 4103.405335271166 1908162.0 1 808.5656884793646 550 721
3363.908032202006 4040.108032202006 1908177.0 1 808.7230717944573 550 728
3323.926965169245 3949.726965169245 1908192.0 1 795.443734509807 560 728
3248.327214862101 3841.9272148621008 1908207.0 1 804.1288685862637 570 755
3153.756135984622 3710.256135984622 1908222.0 1 783.481344434047 570 768
3054.7766319385264 3591.6766319385265 1908237.0 1 784.6479147099454 570 774
2953.3970400926423 3481.1970400926425 1908252.0 1 775.8692299689038 580 779
2872.691113040507 3402.591113040507 1908267.0 1 766.2673952775937 580 777
2835.8037401924776 3360.1037401924773 1908282.0 1 770.2940911887973 590 759
2827.4411624699846 3342.641162469985 1908297.0 1 761.5541674386626 590 722
2841.4478131709766 3348.2478131709763 1908312.0 1 765.9368524940431 590 639
2893.374833395555 3384.7748333955547 1908327.0 1 759.3674698851695 580 465
2970.0471252583066 3441.8471252583063 1908342.0 1 756.3531110708215 580 17
3796.490481229738 4827.5904812297385 1908523.5 0 788.3741805124575 550 98
3796.0968339537553 4827.196833953755 1908538.5 1 784.3423336197669 550 557
3796.009058566816 4827.109058566815 1908553.5 1 795.0253345192982 550 545
3749.34628895795 4833.64628895795 1908568.5 1 805.4152905473148 550 546
3740.0568119973486 4834.156811997349 1908583.5 1 814.2917391065025 550 588
3747.729340323936 4834.829340323936 1908598.5 1 817.8009403469075 550 636
3767.317271537901 4846.7172715379 1908613.5 1 813.626742205992 550 666
3811.270645611005 4863.370645611005 1908628.5 1 815.3591511224089 550 685
3895.56883421593 4907.76883421593 1908643.5 1 831.5045166394984 550 699
4006.8468361276887 4957.446836127689 1908658.5 1 832.5971247157073 550 700
4154.209446642463 5010.309446642464 1908673.5 1 831.3347432563482 550 690
4269.13021226567 5047.53021226567 1908688.5 1 840.032489912711 550 639
4362.235398533362 5065.735398533362 1908703.5 1 841.4344859012866 550 498
4411.276465773008 5070.676465773008 1908718.5 1 845.4932704546004 560 213
3756.2909414331834 4739.790941433183 1908853.5 0 836.4846514371204 580 584
3634.95371104205 4549.15371104205 1908868.5 1 817.0229736632217 580 617
3614.1431880026516 4487.7431880026525 1908883.5 1 821.0717088704283 580 630
3606.4706596760648 4447.870659676065 1908898.5 1 804.4481596387154 580 638
3644.28272846209 4296.68272846209 1908913.5 1 806.8946322587311 570 669
3713.0293543889957 4138.629354388996 1908928.5 1 802.7249481230859 570 702
3774.3311657840677 3975.9311657840676 1908943.5 1 795.7748397930641 570 737
3835.253163872311 3838.0531638723105 1908958.5 1 797.4040950683989 570 752
3895.790553357535 3727.790553357535 1908973.5 1 792.4835324679248 580 761
3950.9697877343274 3635.9697877343274 1908988.5 1 779.0488342507729 580 728
3993.664601466636 3592.5646014666363 1909003.5 1 784.7201337920013 600 690
4027.923534226991 3575.0235342269907 1909018.5 1 775.4212466343326 600 662
4028.4029472716547 3575.5029472716546 1909033.5 1 771.4084157758415 610 638
4005.4983348124424 3599.4983348124424 1909048.5 1 754.8603273211836 620 630
3964.067104914957 3649.7671049149567 1909063.5 1 745.569094007452 620 625
3906.237863984499 3717.237863984499 1909078.5 1 759.6262469111197 620 620
3848.204180943037 3790.104180943037 1909093.5 1 751.0985810210007 620 630
3806.2041904250514 3867.8041904250513 1909108.5 1 756.5123302464812 620 636
3775.49048122974 3949.0904812297404 1909123.5 1 762.4585510280547 620 638
3775.0968339537562 4048.0968339537562 1909138.5 1 753.9534378747172 620 644
3801.6090585668157 4155.109058566815 1909153.5 1 754.6705919424879 610 663
3852.2462889579424 4268.046288957943 1909168.5 1 771.6988519349358 610 685
3930.456811997356 4357.456811997356 1909183.5 1 786.3025419542449 600 691
4040.329340323933 4432.329340323933 1909198.5 1 788.0172632427452 600 714
4171.917271537909 4497.417271537908 1909213.5 1 792.557559131297 590 716
4313.870645611003 4542.070645611003 1909228.5 1 804.0535495189539 600 717
4447.168834215931 4553.568834215931 1909243.5 1 810.807200711802 590 703
4573.846836127689 4543.046836127689 1909258.5 1 815.5436882503798 580 696
4635.109446642473 4507.709446642472 1909273.5 1 820.1819742734172 590 697
4654.1302122656625 4434.330212265662 1909288.5 1 839.7817521806369 580 707
4644.335398533365 4334.935398533365 1909303.5 1 849.9795514855906 590 710
4599.576465773001 4199.176465773001 1909318.5 1 832.9558109791269 600 725
4536.797052728345 4066.3970527283454 1909333.5 1 837.4368361597595 600 730
4462.401665187557 3936.701665187557 1909348.5 1 850.1817051389136 600 737
4369.432895085042 3819.2328950850424 1909363.5 1 853.0210679975223 610 743
4273.262136015491 3703.4621360154906 1909378.5 1 839.7688988930536 620 745
4175.195819056961 3625.6958190569608 1909393.5 1 837.3198730662298 630 754
4096.095809574947 3573.1958095749474 1909408.5 1 825.3335902915949 630 761
4032.309518770266 3557.709518770266 1909423.5 1 826.7839705894352 630 753
3978.8031660462425 3575.6031660462427 1909438.5 1 809.6197027056764 630 759
3960.6909414331826 3615.5909414331827 1909453.5 1 812.6770489768365 630 779
3978.6537110420572 3688.1537110420572 1909468.5 1 806.8839348864144 630 790
4020.843188002654 3775.843188002654 1909483.5 1 811.2172803477073 630 788
4101.370659676068 3873.8706596760676 1909498.5 1 789.9705874221515 620 790
4202.882728462092 3963.4827284620924 1909513.5 1 791.9537874393454 620 791
4319.229354388997 4055.3293543889968 1909528.5 1 793.4050462544925 620 793
4454.031165784068 4140.431165784068 1909543.5 1 806.9422469053535 620 725
4548.553163872313 4221.653163872313 1909558.5 1 805.3568043667921 620 583
4615.390553357526 4272.390553357526 1909573.5 1 808.175433847574 620 259
4103.739339828228 4861.139339828228 1909725.0 0 794.4511124132542 600 415
4078.17341522556 5072.873415225559 1909740.0 1 810.6787115653965 590 509
4073.918467489108 5122.518467489108 1909755.0 1 810.2476440479229 580 514
4067.8864745084365 5114.386474508436 1909770.0 1 800.515413684466 580 509
4060.0190142503916 5097.419014250391 1909785.0 1 815.7236629039077 570 595
4060.6999999999935 5074.299999999993 1909800.0 1 832.2718401868229 570 658
4061.380985749606 5001.480985749606 1909815.0 1 828.3043306264843 560 717
4061.913525491556 4876.713525491556 1909830.0 1 835.1741632529161 550 767
4081.7815325108913 4718.081532510891 1909845.0 1 824.5471909388356 550 823
4106.926584774444 4496.1265847744435 1909860.0 1 828.4280719998557 550 840
4125.460660171781 4170.260660171781 1909875.0 1 838.9068078331164 570 867
4146.56352549156 3775.5635254915605 1909890.0 1 811.2849412354457 570 864
4150.765348302445 3359.765348302445 1909905.0 1 807.1101062952531 580 864
4141.718322121563 3014.018322121563 1909920.0 1 792.2464526528048 600 869
4122.363490213722 2714.663490213722 1909935.0 1 790.3709506857656 610 860
4094.8999999999996 2510.1 1909950.0 1 754.8027423153267 620 864
4062.8634902137155 2331.7634902137156 1909965.0 1 753.2525677483809 640 857
4031.1183221215606 2171.918322121561 1909980.0 1 728.7564682831029 650 851
3999.565348302431 2051.4653483024313 1909995.0 1 698.3385927011457 670 832
3970.863525491557 1956.9635254915574 1910010.0 1 665.2957756258166 670 788
3950.4606601717783 1879.8606601717786 1910025.0 1 655.6442699696207 680 713
3934.7265847744397 1845.9265847744396 1910040.0 1 652.5495795475782 680 586
3934.781532510892 1845.9815325108918 1910055.0 1 627.3185857806336 680 435
3921.213525491564 1876.5135254915642 1910070.0 1 634.1544843980334 680 60
4020.4041904250403 3149.6041904250405 1910191.5 0 682.2575282487524 640 444
4165.304180943037 3401.6041809430367 1910206.5 1 698.9595860929086 640 445
4165.937863984508 3482.0378639845076 1910221.5 1 708.9088604205365 630 491
4138.3671049149525 3507.667104914952 1910236.5 1 726.0706566457121 630 622
4084.5983348124428 3495.8983348124425 1910251.5 1 737.20850638039 620 672
4013.7029472716604 3434.8029472716607 1910266.5 1 765.3063204263298 620 721
3904.723534227 3309.0235342270003 1910281.5 1 752.380248352212 620 768
3798.364601466648 3140.364601466648 1910296.5 1 759.0156797134385 620 785
3695.469787734328 2895.369787734328 1910311.5 1 765.4213913524954 620 785
3567.490553357535 2661.690553357535 1910326.5 1 760.6240576237377 620 797
3423.6531638723136 2436.6531638723136 1910341.5 1 754.3482678063377 620 814
3296.2311657840673 2298.7311657840673 1910356.5 1 748.7660384509768 630 827
3199.229354388988 2217.8293543889886 1910371.5 1 723.9982716291157 640 821
3122.0827284620896 2174.9827284620897 1910386.5 1 706.9713960877868 640 833
3090.5706596760538 2181.9706596760534 1910401.5 1 705.594224008653 650 824
3096.143188002651 2242.143188002651 1910416.5 1 693.7663527036405 650 822
3125.35371104205 2338.5537110420496 1910431.5 1 672.7438478793547 650 817
3205.3909414331824 2476.6909414331826 1910446.5 1 667.993498256474 650 830
3329.2031660462476 2650.2031660462476 1910461.5 1 666.8290968472062 640 822
3481.4095187702683 2847.2095187702685 1910476.5 1 665.9892880560459 640 821
3675.39580957495 3069.19580957495 1910491.5 1 673.09452389532 640 817
3872.0958190569745 3253.9958190569746 1910506.5 1 690.8759620896727 650 827
4067.462136015493 3415.0621360154933 1910521.5 1 700.0630169481307 650 860
4260.932895085049 3482.532895085048 1910536.5 1 726.7131923725631 640 896
4456.801665187556 3448.101665187557 1910551.5 1 737.2918467476311 640 921
4657.897052728338 3346.7970527283387 1910566.5 1 756.3556839632547 640 951
4862.776465772999 3214.9764657729984 1910581.5 1 774.5294496166142 640 985
5074.8353985333615 3093.835398533362 1910596.5 1 774.3678494678486 650 1023
5303.03021226566 2979.73021226566 1910611.5 1 793.5634039065088 650 1023
5557.009446642471 2879.5094466424707 1910626.5 1 793.5840770069351 650 1023
5803.746836127685 2794.446836127686 1910641.5 1 798.5076447491443 660 1023
6048.068834215932 2718.868834215932 1910656.5 1 816.3707225912119 670 1023
6328.470645611012 2648.570645611012 1910671.5 1 809.3205462333178 680 1023
6600.217271537911 2603.2172715379115 1910686.5 1 815.1512595161703 680 1023
6866.929340323947 2573.8293403239472 1910701.5 1 809.894501261909 690 1021
7121.056811997359 2568.256811997359 1910716.5 1 827.5172489845462 700 896
7332.646288957944 2578.2462889579447 1910731.5 1 834.201141307323 710 585
