115
2518.309446642479 4781.4094466424785 47283073.5 0 808.3104823205268 800 464
2441.4302122659055 4859.9302122659055 47283088.5 1 810.7830475490285 800 472
2416.9353985335038 4959.335398533503 47283103.5 1 810.3254868116019 800 488
2432.3764657733186 5006.276465773319 47283118.5 1 806.5330581097974 800 498
2537.597052728301 5051.9970527283 47283133.5 1 813.0061668138219 800 491
2702.601665187548 5096.601665187547 47283148.5 1 809.6330588569641 800 492
2858.8328950850296 5134.53289508503 47283163.5 1 808.9804736488629 800 499
3017.4621360155516 5164.362136015551 47283178.5 1 808.4901841858564 800 501
3150.395819056803 5160.795819056802 47283193.5 1 808.5742019580814 800 501
3264.4958095748966 5137.695809574896 47283208.5 1 803.5751238516801 800 514
3352.609518770308 5087.909518770308 47283223.5 1 804.0390381157024 800 536
3400.6031660461817 5016.903166046182 47283238.5 1 804.4600426290339 800 592
3422.3909414331897 4930.890941433189 47283253.5 1 810.608163785336 790 627
3410.2537110422186 4808.153711042218 47283268.5 1 816.6002080146569 770 650
3373.343188002814 4662.743188002813 47283283.5 1 826.4597484459704 750 666
3319.4706596761416 4502.470659676142 47283298.5 1 798.44394405066 730 670
3259.982728462379 4351.982728462379 47283313.5 1 794.6991735391834 710 676
3196.4293543889003 4219.8293543889 47283328.5 1 800.5401788306332 700 667
3130.3311657840854 4100.531165784086 47283343.5 1 786.7340855144657 680 631
3049.853163872319 3974.5531638723187 47283358.5 1 786.3970875530775 670 540
2954.2905533576227 3871.990553357623 47283373.5 1 774.7054166950778 650 349
2628.8041809433907 4359.90418094339 47283493.5 0 758.937523201497 530 412
2759.004190424957 4503.404190424956 47283508.5 1 745.932436074167 530 438
2776.5904812295794 4511.19048122958 47283523.5 1 746.4427948801874 530 450
2760.0968339537644 4502.396833953764 47283538.5 1 753.5650397849693 530 509
2760.0090585668268 4468.009058566827 47283553.5 1 747.3134740624682 530 537
2755.3462889578645 4417.146288957864 47283568.5 1 740.6883363402015 530 562
2743.956811997318 4334.356811997317 47283583.5 1 763.0498189733477 530 569
2727.829340324009 4255.229340324009 47283598.5 1 748.9921236189812 530 588
2700.517271537759 4178.217271537758 47283613.5 1 770.8929145884177 530 595
2664.670645610976 4089.1706456109755 47283628.5 1 765.4032605279425 530 591
2622.268834215874 4003.368834215874 47283643.5 1 767.4168538476382 530 592
2576.746836127733 3919.346836127733 47283658.5 1 770.5811212028849 530 594
2528.10944664251 3849.00944664251 47283673.5 1 778.8724658461651 530 588
2510.6635254917037 3804.9635254917034 47283690.0 1 777.669775318691 530 589
2527.4653483024754 3778.3653483024755 47283705.0 1 781.4805112272368 530 584
2566.7183221215 3765.1183221214997 47283720.0 1 783.9015624940855 540 580
2644.6634902137907 3764.6634902137903 47283735.0 1 779.2115351126901 540 570
2744.6 3775.7 47283750.0 1 772.3340754529008 540 564
2858.8634902135877 3789.8634902135877 47283765.0 1 783.1679458675818 540 560
2999.318322121421 3801.5183221214206 47283780.0 1 777.6980242617876 550 564
3119.6653483023792 3793.765348302379 47283795.0 1 771.3434212127815 550 572
3226.763525491279 3774.163525491279 47283810.0 1 772.3009803288693 550 589
3326.0606601716486 3726.460660171648 47283825.0 1 777.4924712205329 550 617
3409.026584774312 3665.926584774312 47283840.0 1 764.5787170891375 550 649
3480.4815325108866 3595.981532510886 47283855.0 1 766.70191512111 550 681
3536.913525491473 3516.613525491473 47283870.0 1 773.7867011732731 560 708
3567.180985749685 3406.880985749685 47283885.0 1 767.4755262805858 560 746
3580.4999999999727 3277.3999999999724 47283900.0 1 767.6727996212852 560 765
3553.2190142505774 3125.5190142505776 47283915.0 1 760.4810255214878 560 788
3494.5864745084946 2956.9864745084947 47283930.0 1 766.6951675434666 560 824
3414.5184674891048 2778.2184674891046 47283945.0 1 750.5881358022599 570 854
3313.0734152254886 2620.7734152254884 47283960.0 1 752.7955047937645 570 891
3213.3393398281423 2497.2393398281424 47283975.0 1 759.4222855903914 570 902
3114.536474508108 2395.6364745081078 47283990.0 1 754.8925271952261 580 908
3048.0346516973286 2341.0346516973286 47284005.0 1 765.5281204163774 580 909
3000.3816778783403 2322.78167787834 47284020.0 1 746.8099578399161 580 894
2965.136509786278 2328.136509786278 47284035.0 1 751.2338658102213 580 860
2921.8999999999996 2357.0 47284050.0 1 732.2689068728494 590 768
2860.8365097863434 2403.0365097863432 47284065.0 1 730.6561372072653 580 600
2787.581677878456 2460.681677878456 47284080.0 1 730.0897731451728 580 302
2371.5184674890825 2727.1184674890824 47284155.0 0 702.5148101519236 580 96
2249.9864745084105 2816.2864745084107 47284170.0 1 705.1592093256857 570 190
2190.3190142501385 2859.5190142501383 47284185.0 1 696.3493069655432 570 336
2148.9999999998295 2898.6999999998293 47284200.0 1 704.905418439698 570 463
2120.280985749246 2929.480985749246 47284215.0 1 691.7309229946668 560 530
2120.813525491594 2953.813525491594 47284230.0 1 697.6614712462152 560 575
2153.981532510919 2973.6815325109187 47284245.0 1 704.7847419114447 560 627
2213.4265847744646 3008.6265847744644 47284260.0 1 705.2294075064814 560 649
2316.66066017175 3049.56066017175 47284275.0 1 701.0408913056627 560 661
2458.8635254917476 3094.463525491748 47284290.0 1 695.2923301203884 560 656
2627.5653483025208 3146.965348302521 47284305.0 1 698.0018866288749 560 642
2807.518322121537 3203.7183221215373 47284320.0 1 704.4693561184741 560 560
3013.5634902138113 3263.4634902138114 47284335.0 1 705.5454649714262 560 468
3236.7 3317.8999999999996 47284350.0 1 703.8942140190546 560 337
3444.0634902135666 3370.5634902135666 47284365.0 1 708.521796779564 560 34
4701.818467489112 4358.818467489112 47284545.0 0 762.1456181340963 560 770
4796.373415225474 4433.773415225474 47284560.0 1 775.1051176560089 560 767
4756.83933982811 4450.239339828109 47284575.0 1 781.4605571615972 550 768
4732.936474508064 4455.036474508064 47284590.0 1 788.1571742161124 560 776
4719.634651697628 4345.134651697628 47284605.0 1 786.6791017703872 560 784
4715.381677878586 4186.181677878586 47284620.0 1 786.4093781093355 550 791
4722.136509786256 3994.136509786257 47284635.0 1 802.2225690133113 560 794
4735.599999999999 3839.6 47284650.0 1 801.1022536716716 560 803
4740.336509786364 3684.036509786364 47284665.0 1 787.2902594851207 570 805
4739.881677878494 3551.9816778784934 47284680.0 1 797.426891466512 570 803
4739.234651697517 3435.834651697516 47284695.0 1 801.0528981624395 570 796
4727.33647450862 3328.73647450862 47284710.0 1 792.0710571081054 580 751
4707.839339828276 3246.939339828277 47284725.0 1 797.457913456648 590 594
4682.273415225655 3182.173415225655 47284740.0 1 795.7829607789448 600 141
4737.603166046232 3504.2031660462326 47284861.5 0 726.9260040318434 610 649
4961.909518770414 3587.1095187704145 47284876.5 1 740.2228127036061 610 666
5020.095809575035 3629.8958095750345 47284891.5 1 738.6494389994967 610 717
5071.195819057286 3645.2958190572854 47284906.5 1 734.3436174709793 610 722
5158.762136015664 3644.662136015664 47284921.5 1 740.6247009674557 610 728
5270.332895084945 3654.032895084945 47284936.5 1 742.1032169743762 610 719
5382.901665187557 3665.8016651875573 47284951.5 1 730.9700586957052 620 676
5495.797052728402 3678.597052728403 47284966.5 1 746.1102736706489 610 584
5562.076465772907 3679.076465772907 47284981.5 1 756.7079510706458 610 417
5597.035398533361 3663.635398533361 47284996.5 1 775.2337872510575 610 56
4279.796833953697 3040.0968339536976 47285161.5 0 748.9325490562086 600 728
4140.890481229697 2941.0904812296976 47285176.5 1 740.7536556533452 600 728
4125.404190425112 2941.704190425111 47285191.5 1 727.4519310687574 600 728
4143.604180942863 2922.804180942863 47285206.5 1 735.9392062256045 600 739
4268.137863984454 2893.337863984454 47285221.5 1 724.8456606652345 600 751
4478.5671049148295 2904.9671049148296 47285236.5 1 718.4286417894878 600 767
4745.398334812451 2942.198334812452 47285251.5 1 711.413084574765 600 790
5027.302947271694 2995.9029472716948 47285266.5 1 707.0191528174172 600 827
5308.923534227258 3036.023534227258 47285281.5 1 719.5770650586585 610 834
5546.964601466834 3057.064601466835 47285296.5 1 716.212159690096 610 855
5755.569787734413 3066.1697877344127 47285311.5 1 711.9551552544818 610 861
5939.790553357515 3065.590553357515 47285326.5 1 725.1744900162714 620 851
6073.153163872276 3050.5531638722773 47285341.5 1 714.0168627166602 620 797
6172.5311657840475 3032.331165784047 47285356.5 1 720.4648344053785 630 636
6243.529354389 3028.4293543890003 47285371.5 1 714.2338688646631 630 218
