235
2126.136474508428 3486.236474508428 2212110.0 0 707.4278329431845 520 481
2091.9393398282264 3441.5393398282263 2212125.0 1 699.1848588048174 520 564
2064.273415225559 3441.173415225559 2212140.0 1 703.0874060875477 530 602
2032.7184674891068 3456.518467489107 2212155.0 1 701.3893903960821 530 659
1998.686474508438 3475.686474508438 2212170.0 1 724.0470375884888 530 705
1950.219014250375 3502.1190142503747 2212185.0 1 721.1400392547558 540 727
1880.1999999999855 3532.8999999999855 2212200.0 1 736.2761381481798 540 727
1795.4809857496189 3566.4809857496184 2212215.0 1 732.0485888713887 550 734
1708.5135254915579 3604.1135254915575 2212230.0 1 735.1495228132247 550 736
1624.081532510892 3644.281532510892 2212245.0 1 756.7575480957566 550 734
1546.326584774443 3697.4265847744427 2212260.0 1 751.1313567493814 550 736
1474.5606601717786 3759.3606601717784 2212275.0 1 751.683919233019 550 736
1422.8635254915575 3828.063525491558 2212290.0 1 758.4211064878515 540 731
1384.365348302453 3872.165348302453 2212305.0 1 745.5352727094632 550 731
1365.5183221215518 3906.5183221215516 2212320.0 1 752.1127363268951 560 725
1372.7634902137206 3934.7634902137206 2212335.0 1 754.7521615183848 560 731
1397.1 3989.2 2212350.0 1 759.6346287449578 560 721
1495.9634902137072 4099.263490213707 2212365.0 1 754.3049428678149 560 734
1653.9183221215633 4246.018322121563 2212380.0 1 753.5069458426841 560 736
1851.265348302445 4430.065348302444 2212395.0 1 773.7525398997537 560 737
2069.66352549155 4614.86352549155 2212410.0 1 767.2630978733338 560 736
2291.460660171788 4800.960660171788 2212425.0 1 777.5147460191777 550 734
2492.026584774441 4981.22658477444 2212440.0 1 788.6464364887483 560 730
2676.881532510893 5119.181532510893 2212455.0 1 794.7084068981067 550 727
2801.913525491575 5228.113525491575 2212470.0 1 790.4515073781303 550 727
2898.6809857496064 5283.580985749606 2212485.0 1 802.7757434604689 550 720
2976.3999999999933 5291.299999999993 2212500.0 1 797.6501980703678 550 731
3008.6190142504015 5268.219014250401 2212515.0 1 789.2314753024042 550 727
3008.08647450843 5195.586474508429 2212530.0 1 783.0347505494065 550 745
2991.718467489108 5075.618467489107 2212545.0 1 787.3203310351076 550 755
2946.973415225556 4925.173415225556 2212560.0 1 790.6212702898031 550 765
2882.939339828205 4719.039339828205 2212575.0 1 788.5226357367683 550 784
2805.136474508441 4486.536474508441 2212590.0 1 776.8745109927635 550 785
2735.834651697567 4236.634651697567 2212605.0 1 779.6023556491743 540 793
2676.281677878429 3923.681677878429 2212620.0 1 785.4944395807851 550 796
2622.1365097862886 3609.1365097862886 2212635.0 1 771.7835024043621 550 784
2556.5 3274.7 2212650.0 1 756.9996093513109 550 787
2501.036509786283 2928.736509786283 2212665.0 1 752.8591494711517 560 788
2452.281677878455 2616.781677878455 2212680.0 1 748.1994188329755 560 794
2402.6346516975555 2336.8346516975557 2212695.0 1 738.4998945840774 560 797
2339.63647450843 2079.23647450843 2212710.0 1 722.4404843764612 570 803
2268.339339828228 1857.4393398282277 2212725.0 1 717.9302644611918 580 808
2178.3734152255593 1679.9734152255596 2212740.0 1 707.2632181764761 590 812
2083.1184674891065 1532.2184674891064 2212755.0 1 699.4224332638049 590 820
1983.9864745084367 1423.2864745084369 2212770.0 1 684.9943342681415 600 822
1895.6190142503729 1372.0190142503727 2212785.0 1 691.9502696936431 600 869
1810.2000000000048 1360.100000000005 2212800.0 1 684.2683339526209 600 870
1749.2809857496165 1382.4809857496166 2212815.0 1 698.5645386063832 600 870
1703.6135254915562 1427.8135254915562 2212830.0 1 691.4889947777162 600 870
1681.4815325108916 1487.5815325108915 2212845.0 1 704.0333774696544 590 858
1662.5265847744438 1572.9265847744439 2212860.0 1 699.6651354458422 590 845
1648.8606601717802 1667.0606601717802 2212875.0 1 704.0288134482672 580 817
1639.1635254915807 1767.9635254915809 2212890.0 1 697.991491245261 580 820
1644.765348302434 1889.065348302434 2212905.0 1 704.8392215535739 580 815
1660.218322121554 2038.218322121554 2212920.0 1 703.1296211841346 580 817
1696.1634902137218 2205.763490213722 2212935.0 1 708.685614279628 580 812
1768.8 2414.2 2212950.0 1 699.4574864250875 570 812
1865.5634902137158 2625.063490213716 2212965.0 1 706.2983349884537 570 824
1978.7183221215612 2837.618322121561 2212980.0 1 708.9241544949023 570 824
2095.5653483024207 3028.6653483024206 2212995.0 1 706.0236822192264 570 820
2215.9635254915684 3182.663525491568 2213010.0 1 707.8537949389781 570 817
2333.4606601717865 3312.7606601717866 2213025.0 1 718.7142984675943 560 776
2441.62658477444 3428.62658477444 2213040.0 1 716.025448350528 560 681
2543.881532510893 3516.881532510893 2213055.0 1 733.6369238481154 560 540
2641.6135254915635 3585.9135254915636 2213070.0 1 719.3055153398134 560 322
3599.3311657840654 3538.4311657840653 2213356.5 0 727.2402350718503 480 364
3535.929354388989 3484.829354388989 2213371.5 1 712.9041442725422 480 371
3522.48272846209 3497.28272846209 2213386.5 1 722.7545341691456 490 391
3523.170659676065 3497.9706596760648 2213401.5 1 713.357392073235 500 468
3538.5431880026326 3518.9431880026327 2213416.5 1 721.2576127361344 520 519
3556.553711042056 3548.853711042056 2213431.5 1 735.355741382842 530 546
3573.5909414331813 3599.490941433181 2213446.5 1 727.3130556509564 530 569
3588.9031660462474 3658.2031660462476 2213461.5 1 728.8601055365294 540 586
3601.109518770252 3721.509518770252 2213476.5 1 740.2017098699451 550 595
3606.7958095749495 3786.6958095749496 2213491.5 1 741.7927687104519 550 600
3606.0958190569636 3848.295819056964 2213506.5 1 728.6712515174153 550 605
3601.9621360155097 3903.66213601551 2213521.5 1 739.7907419783534 550 608
3596.632895085043 3943.832895085043 2213536.5 1 745.9613993323575 550 620
3584.6016651875566 3975.2016651875565 2213551.5 1 741.4380552352542 550 620
3567.9970527283385 3987.9970527283385 2213566.5 1 737.8392629152786 550 620
3552.376465772999 3976.5764657729987 2213581.5 1 751.1498125838041 550 617
3519.4353985333623 3949.235398533362 2213596.5 1 743.051105341369 550 619
3474.6302122656707 3857.5302122656703 2213611.5 1 730.7987828610144 550 619
3423.4094466424563 3723.009446642456 2213626.5 1 728.8140274468418 540 617
3367.7468361276888 3560.2468361276888 2213641.5 1 741.2171819332927 540 617
3309.6688342159346 3398.5688342159347 2213656.5 1 745.8357627960143 540 645
3268.770645611012 3272.270645611012 2213671.5 1 741.5149361735395 540 662
3260.517271537911 3168.817271537911 2213686.5 1 738.9320007615594 530 673
3274.529340323936 3107.229340323936 2213701.5 1 735.7027025108566 530 681
3310.256811997349 3081.356811997349 2213716.5 1 739.2634093455895 530 699
3368.546288957956 3080.8462889579564 2213731.5 1 733.5238423321276 540 694
3441.109058566816 3126.809058566816 2213746.5 1 734.6677087616246 540 699
3525.1968339537516 3207.3968339537514 2213761.5 1 728.7151308588858 540 702
3617.9904812297304 3309.2904812297306 2213776.5 1 742.721539880078 540 702
3717.304190425049 3428.204190425049 2213791.5 1 737.6989490685664 540 707
3791.5041809430345 3516.4041809430346 2213806.5 1 743.1810888129045 550 707
3840.437863984506 3583.537863984506 2213821.5 1 736.5845838795004 550 705
3872.3671049149466 3618.967104914947 2213836.5 1 742.3741872706884 550 708
3880.898334812442 3629.5983348124423 2213851.5 1 722.1907896192123 550 716
3877.2029472716613 3623.1029472716614 2213866.5 1 747.3491079195835 550 728
3864.8235342270013 3600.2235342270014 2213881.5 1 747.6704486885304 550 727
3841.764601466639 3544.9646014666387 2213896.5 1 755.1130248835478 550 743
3812.36978773433 3467.9697877343306 2213911.5 1 756.8967010646874 550 755
3778.890553357529 3374.290553357529 2213926.5 1 745.9939088162021 550 765
3757.553163872317 3296.253163872317 2213941.5 1 752.4402428587975 550 779
3757.531165784065 3229.0311657840653 2213956.5 1 745.7430963660732 550 787
3772.529354388987 3176.829354388987 2213971.5 1 748.4434053789919 560 788
3801.7827284620876 3148.6827284620877 2213986.5 1 751.812109697845 560 796
3858.4706596760625 3137.4706596760625 2214001.5 1 755.2026290658472 560 796
3933.3431880026496 3167.5431880026495 2214016.5 1 731.1997557859489 560 794
4020.6537110420545 3232.4537110420547 2214031.5 1 730.5423648766713 560 793
4116.090941433181 3320.890941433181 2214046.5 1 745.0103244175085 560 788
4216.103166046249 3443.3031660462484 2214061.5 1 735.4624227487394 560 790
4320.00951877027 3564.0095187702705 2214076.5 1 739.8020899299495 570 785
4406.195809574951 3644.595809574952 2214091.5 1 750.6461960427062 570 784
4479.695819056967 3698.495819056966 2214106.5 1 744.5037036086469 570 779
4504.962136015494 3712.562136015494 2214121.5 1 756.6149123415893 580 774
4518.532895085044 3708.6328950850443 2214136.5 1 763.5859986217234 570 784
4524.7016651875565 3692.401665187556 2214151.5 1 764.5722478284928 570 782
4531.197052728337 3648.4970527283376 2214166.5 1 765.8547174879358 580 787
4520.476465772997 3585.2764657729967 2214181.5 1 772.1562461901955 580 788
4498.0353985333595 3509.6353985333594 2214196.5 1 784.821668580376 580 788
4464.430212265668 3429.8302122656683 2214211.5 1 780.9611928253777 580 794
4434.20944664247 3362.5094466424694 2214226.5 1 770.448834301166 580 797
4405.146836127688 3302.646836127688 2214241.5 1 767.893047230054 580 796
4396.7688342159345 3280.968834215935 2214256.5 1 765.9406048570216 580 785
4402.770645611013 3280.6706456110132 2214271.5 1 777.6628489810469 580 794
4419.017271537913 3289.917271537913 2214286.5 1 763.7233282911019 590 799
4462.429340323939 3330.5293403239384 2214301.5 1 762.1828092702349 590 802
4526.156811997351 3400.556811997351 2214316.5 1 769.7295812723345 590 802
4602.646288957957 3490.3462889579578 2214331.5 1 758.3989942033251 590 802
4692.009058566817 3575.5090585668163 2214346.5 1 760.1383653356593 590 802
4783.796833953751 3644.8968339537505 2214361.5 1 763.1516464150202 590 803
4876.5904812297285 3704.0904812297285 2214376.5 1 769.9411416421593 590 802
4942.304190425047 3745.3041904250463 2214391.5 1 772.8497514930358 580 799
4980.804180943032 3760.704180943032 2214406.5 1 769.9904460248573 590 794
5000.337863984504 3761.3378639845037 2214421.5 1 778.7759193264208 590 797
5000.767104914946 3732.3671049149452 2214436.5 1 792.3800771297638 580 799
4979.198334812442 3679.298334812442 2214451.5 1 786.6381703195906 590 797
4948.202947271662 3607.7029472716627 2214466.5 1 795.867273632813 590 799
4915.523534227003 3540.7235342270037 2214481.5 1 795.2585937674254 590 797
4886.864601466641 3493.1646014666417 2214496.5 1 787.1255965127701 590 803
4874.969787734332 3458.8697877343325 2214511.5 1 782.0635373886438 600 799
4874.390553357531 3448.490553357531 2214526.5 1 784.9998074066195 600 799
4881.053163872318 3457.2531638723176 2214541.5 1 786.879519961432 600 802
4911.131165784069 3478.2311657840687 2214556.5 1 787.1472081563599 600 805
4955.529354388986 3529.6293543889856 2214571.5 1 784.2608467771115 600 808
5013.482728462085 3594.5827284620855 2214586.5 1 783.6508995763777 600 809
5091.17065967606 3668.0706596760597 2214601.5 1 778.261087031172 600 815
5182.143188002648 3742.2431880026475 2214616.5 1 786.8104937811264 600 820
5268.7537110420535 3798.0537110420532 2214631.5 1 783.9850853227327 600 815
5338.29094143318 3841.690941433181 2214646.5 1 796.1669603878338 600 815
5397.003166046241 3853.503166046242 2214661.5 1 781.9379142033413 600 812
5435.809518770271 3837.709518770272 2214676.5 1 800.3801097422356 600 814
5459.695809574954 3802.795809574954 2214691.5 1 798.8362629575688 600 815
5473.69581905699 3729.2958190569902 2214706.5 1 794.0097252053101 600 817
5473.062136015496 3638.3621360154966 2214721.5 1 804.8416885363372 600 820
5472.632895085046 3535.7328950850456 2214736.5 1 809.5503083293838 600 827
5472.501665187557 3441.801665187556 2214751.5 1 808.1059957707218 600 830
5493.697052728347 3362.1970527283474 2214766.5 1 801.9482858236444 610 824
5527.776465772994 3291.9764657729947 2214781.5 1 799.858796763527 610 827
5570.435398533356 3247.8353985333574 2214796.5 1 810.850935037276 610 840
5632.030212265666 3234.5302122656663 2214811.5 1 787.419820348151 610 846
5728.509446642468 3241.4094466424676 2214826.5 1 792.2342210475001 610 852
5847.846836127687 3287.9468361276877 2214841.5 1 798.432633391921 610 854
6003.268834215935 3374.7688342159354 2214856.5 1 795.5664971073303 610 854
6182.170645611001 3488.570645611001 2214871.5 1 786.2257980848362 610 854
6376.217271537915 3604.9172715379154 2214886.5 1 795.5443512672363 610 839
6549.82934032394 3704.329340323941 2214901.5 1 793.4837299687991 610 817
6674.456811997353 3792.556811997353 2214916.5 1 793.6408510486224 610 832
6765.646288957947 3858.5462889579467 2214931.5 1 790.8643656384496 610 832
6805.309058566816 3901.0090585668163 2214946.5 1 790.9032434056439 610 817
6805.39683395375 3928.3968339537496 2214961.5 1 792.9877636274086 610 821
6782.6904812297425 3944.890481229743 2214976.5 1 790.6631698899682 610 840
6728.704190425044 3940.6041904250437 2214991.5 1 798.882066719888 610 845
6648.204180943029 3923.10418094303 2215006.5 1 800.2843105498222 610 851
6550.1378639845025 3876.137863984502 2215021.5 1 805.7746117125319 610 851
6447.667104914953 3810.0671049149537 2215036.5 1 807.0723742601247 610 851
6348.398334812442 3731.0983348124428 2215051.5 1 799.3525662165595 610 845
6246.002947271664 3639.2029472716636 2215066.5 1 808.6968522342208 610 851
6140.523534227006 3542.823534227006 2215081.5 1 808.5043564438276 610 846
6050.264601466643 3439.264601466644 2215096.5 1 801.0050801689117 610 854
5994.269787734334 3346.8697877343347 2215111.5 1 799.4123754354167 610 863
5961.490553357532 3261.5905533575324 2215126.5 1 804.9474075242573 610 854
5982.853163872312 3204.553163872313 2215141.5 1 804.3833385175699 610 864
6071.731165784068 3178.6311657840683 2215156.5 1 808.3845165266199 610 872
6205.029354388984 3173.3293543889845 2215171.5 1 811.7431799514716 610 878
6382.682728462082 3212.3827284620834 2215186.5 1 789.2914611100315 610 876
6585.670659676057 3277.4706596760575 2215201.5 1 795.6267917957089 610 858
6806.143188002645 3360.7431880026456 2215216.5 1 792.9127703833815 620 802
7015.253711042053 3450.853711042052 2215231.5 1 810.0193252282555 620 737
7191.890941433183 3537.190941433183 2215246.5 1 805.1364984042094 620 664
7347.203166046242 3617.6031660462427 2215261.5 1 791.8704434078744 620 586
7484.7095187702735 3706.809518770274 2215276.5 1 807.4674311253193 630 545
7607.295809574956 3801.3958095749567 2215291.5 1 803.9422327318529 630 546
7720.69581905697 3891.695819056971 2215306.5 1 798.8699765174998 630 569
7817.3621360154975 3961.7621360154985 2215321.5 1 813.1139192727935 640 627
7879.932895085046 4019.4328950850463 2215336.5 1 807.0481797861991 640 690
7919.701665187557 4041.701665187557 2215351.5 1 812.1117409013912 640 754
7916.397052728345 4046.0970527283457 2215366.5 1 806.0438602755272 640 756
7869.276465772992 4038.1764657729923 2215381.5 1 811.4826042779777 640 760
7792.235398533355 4015.0353985333545 2215396.5 1 792.675878863245 640 760
7662.730212265664 3972.3302122656637 2215411.5 1 808.9816102272919 640 765
7525.409446642466 3916.2094466424664 2215426.5 1 819.4894048853678 650 771
7382.946836127686 3863.3468361276864 2215441.5 1 817.4824113018188 650 788
7252.768834215935 3814.3688342159357 2215456.5 1 825.044027802577 650 814
7169.170645611003 3768.5706456110024 2215471.5 1 820.5095544982375 650 831
7116.817271537918 3733.0172715379176 2215486.5 1 828.1117382434811 650 836
7109.129340323943 3705.0293403239434 2215501.5 1 821.9958138617086 640 842
7134.356811997355 3682.6568119973554 2215516.5 1 830.7762256745991 640 849
7180.746288957947 3648.546288957948 2215531.5 1 833.3723011491014 640 854
7263.809058566816 3620.309058566817 2215546.5 1 834.5728756106346 630 857
7374.496833953749 3599.396833953749 2215561.5 1 845.4395014595516 630 860
7502.99048122974 3582.290481229741 2215576.5 1 834.7382598932132 630 860
7624.704190425041 3557.0041904250415 2215591.5 1 841.4655250858938 630 863
7722.004180943028 3529.004180943027 2215606.5 1 848.7860518979573 640 860
7803.1378639845 3480.6378639845 2215621.5 1 856.6649696110953 640 861
7820.367104914952 3420.867104914953 2215636.5 1 858.716980351424 640 860
7777.798334812442 3329.2983348124426 2215651.5 1 871.5243403506988 650 860
7694.302947271664 3234.602947271665 2215666.5 1 870.4440105653614 650 867
7561.52353422699 3121.42353422699 2215681.5 1 888.7760357265712 650 861
7381.664601466646 2996.864601466646 2215696.5 1 881.1389314880487 650 885
7170.269787734336 2858.9697877343374 2215711.5 1 900.2068036331032 660 905
6922.590553357534 2719.090553357534 2215726.5 1 896.5327383992108 660 897
6631.053163872313 2568.953163872313 2215741.5 1 895.7397256385885 650 906
6310.431165784067 2412.8311657840677 2215756.5 1 902.2480195525008 650 912
5980.329354388983 2254.9293543889826 2215771.5 1 896.4267550715268 650 920
5654.6827284621 2108.482728462101 2215786.5 1 903.6043983270457 650 927
5369.070659676056 1970.5706596760551 2215801.5 1 912.4152527044938 640 935
5109.343188002643 1844.5431880026433 2215816.5 1 909.2108174007026 640 938
4916.653711042039 1762.4537110420388 2215831.5 1 914.6663215222602 640 939
4784.590941433183 1709.4909414331828 2215846.5 1 900.6805221687389 630 929
4693.503166046243 1680.0031660462435 2215861.5 1 902.0652765535003 630 870
4668.609518770275 1671.9095187702756 2215876.5 1 907.6810789951495 630 713
4695.295809574938 1678.2958095749382 2215891.5 1 891.9274041961451 630 103
