159
2698.4162521527956 5042.0162521527955 47330917.5 0 734.4320969337838 750 407
2805.0210397535125 5159.121039753512 47330932.5 1 745.3351095463247 710 417
2783.104623999398 5177.804623999397 47330947.5 1 771.2334887571404 660 450
2767.8141807012867 5173.714180701287 47330962.5 1 776.4531348315045 620 483
2728.3258279274314 5091.525827927431 47330977.5 1 808.7788350642626 580 515
2672.2498319542315 4901.049831954231 47330992.5 1 821.7579045162486 570 540
2596.650168045569 4637.850168045569 47331007.5 1 810.3801262492997 550 557
2516.0741720724127 4391.374172072412 47331022.5 1 803.1772602524919 530 561
2431.085819298768 4153.785819298768 47331037.5 1 793.0984612097598 520 584
2357.6953760006177 3921.4953760006174 47331052.5 1 790.2408248428262 520 585
2288.1789602465938 3752.578960246594 47331067.5 1 765.3408752152567 520 589
2233.0837478473786 3624.6837478473785 47331082.5 1 764.086453911034 520 588
2186.217688643488 3524.6176886434882 47331097.5 1 743.1925854814593 530 564
2151.2259748512524 3461.6259748512525 47331112.5 1 738.724508928075 530 467
2128.9593910516132 3428.159391051613 47331127.5 1 736.6806562317283 530 260
2760.1141807011736 5066.614180701174 47331337.5 0 675.7725776981644 530 664
2947.604623999394 5117.604623999393 47331352.5 1 687.4931484046518 530 646
2912.1210397534846 5136.021039753484 47331367.5 1 697.2539098758092 530 652
2875.51625215275 5104.31625215275 47331382.5 1 705.7005837786751 530 665
2838.382311356315 4970.582311356315 47331397.5 1 697.8069151417624 520 671
2839.074025148565 4769.674025148564 47331412.5 1 702.8673202759918 520 666
2855.7406089482583 4591.740608948257 47331427.5 1 708.8064445027048 510 666
2882.6585548805715 4410.058554880571 47331442.5 1 716.0667745204775 510 662
2907.8585548806764 4251.158554880676 47331457.5 1 726.1846408731608 510 667
2920.840608948323 4108.040608948322 47331472.5 1 726.3159853229749 510 658
2925.1740251486567 3988.4740251486564 47331487.5 1 717.9853192801812 510 647
2911.1823113564137 3898.1823113564137 47331502.5 1 723.4654528592263 510 614
2890.916252152835 3828.216252152835 47331517.5 1 729.9765102315843 520 521
2865.9210397535367 3771.7210397535364 47331532.5 1 710.5834152673302 520 391
2860.1046239994016 3752.6046239994016 47331547.5 1 722.7172985732881 520 237
2875.6141807011354 3759.014180701135 47331562.5 1 706.1796027807012 530 51
3362.1226305110677 4877.622630511068 47331684.0 0 697.9101089981465 530 567
3419.5471161387577 4920.347116138757 47331699.0 1 698.7818334648013 530 577
3371.2613310626775 4919.661331062677 47331714.0 1 705.2840983754027 540 614
3303.514767481599 4828.814767481599 47331729.0 1 709.1727453762744 540 633
3222.0265691239356 4679.426569123935 47331744.0 1 720.1016961336167 530 642
3160.459559471473 4493.259559471473 47331759.0 1 727.7568822866458 530 644
3111.1065470586777 4339.606547058678 47331774.0 1 730.2873166758196 530 641
3070.3918931194767 4208.5918931194765 47331789.0 1 735.940148505269 530 622
3043.0879998499477 4090.287999849948 47331804.0 1 732.0918951912308 530 584
3016.4431250668276 4005.5431250668275 47331819.0 1 735.3881575290285 520 510
2990.3144600201485 3942.314460020148 47331834.0 1 741.9766369171571 520 342
2958.9992598405465 3894.1992598405463 47331849.0 1 732.7809542361806 530 42
3182.8773694887586 4636.777369488758 47331984.0 0 691.2546700473854 520 431
3363.4528838613937 4687.852883861394 47331999.0 1 686.3861509491046 520 544
3383.038668937459 4676.638668937459 47332014.0 1 690.9603231177603 520 667
3397.5852325184937 4628.8852325184935 47332029.0 1 688.375538372446 520 711
3409.0734308760925 4524.173430876092 47332044.0 1 690.7669155945155 520 720
3435.6404405284843 4380.640440528484 47332059.0 1 690.9006117178716 520 721
3475.8934529412177 4274.593452941218 47332074.0 1 689.450353924797 520 731
3525.7081068803805 4174.60810688038 47332089.0 1 686.7826296884598 520 690
3583.1120001499016 4079.412000149902 47332104.0 1 704.7274518946188 530 591
3639.856874933336 4003.856874933336 47332119.0 1 703.0766551430842 530 423
3696.7855399799464 3948.085539979946 47332134.0 1 701.6549339593469 530 203
3746.3007401594596 3906.6007401594597 47332149.0 1 703.1641040488994 530 134
3791.242759421237 3889.242759421237 47332164.0 1 712.3195502952012 540 134
3836.4806394192146 3883.3806394192147 47332179.0 1 708.8644321647502 540 136
3884.718928028194 3884.0189280281943 47332194.0 1 702.7570153725522 540 142
3951.918486659238 3911.3184866592383 47332209.0 1 700.5390985032565 540 148
4030.2268206588565 3967.2268206588565 47332224.0 1 701.4531141758621 540 148
4116.011321153452 4043.2113211534524 47332239.0 1 685.3059313416128 540 148
4176.988172051993 4139.888172051993 47332254.0 1 695.6593564128988 540 136
4221.540620861447 4234.140620861446 47332269.0 1 688.1313520746794 540 226
4235.722630511109 4307.822630511108 47332284.0 1 708.2954035414275 550 398
4223.847116138804 4369.447116138804 47332299.0 1 702.7785708837371 550 516
4194.461331062719 4398.161331062719 47332314.0 1 704.1870550084653 550 562
4154.014767481627 4387.814767481627 47332329.0 1 710.205065552052 560 570
4103.326569123944 4351.826569123943 47332344.0 1 710.5494553938058 560 589
4045.2595594714603 4272.0595594714605 47332359.0 1 709.4221393145905 560 617
3988.2065470588855 4182.806547058885 47332374.0 1 710.5109494501263 560 639
3956.591893119762 4087.4918931197617 47332389.0 1 720.4866524614229 550 636
3941.187999850248 4030.7879998502485 47332404.0 1 727.4436084300914 550 637
3949.5431250667893 3993.6431250667893 47332419.0 1 718.7188154175084 550 642
3970.3144600201263 3969.6144600201264 47332434.0 1 725.3472431254121 550 617
3998.4992598405447 3961.399259840545 47332449.0 1 720.131159086066 550 574
4034.0572405786984 3977.357240578698 47332464.0 1 718.8620034969297 550 524
4076.319360580665 4009.119360580665 47332479.0 1 731.8972728295249 550 468
4123.281071971999 4083.3810719719995 47332494.0 1 722.0051768725888 550 436
4177.881513340952 4165.981513340951 47332509.0 1 740.4292974271976 550 427
4232.573179341287 4254.9731793412875 47332524.0 1 721.1845149982947 550 427
4276.288678846614 4306.388678846613 47332539.0 1 727.6416938913225 550 440
4311.911827947982 4328.011827947982 47332554.0 1 726.3977711004877 550 466
4326.1593791386385 4328.259379138639 47332569.0 1 725.5292428523445 550 519
4336.477369489025 4323.177369489024 47332584.0 1 724.4380552759101 550 577
4343.452883861348 4297.252883861348 47332599.0 1 725.0264568382821 550 591
4349.738668937417 4259.438668937418 47332614.0 1 734.1733748758732 550 592
4357.285232518465 4197.685232518465 47332629.0 1 724.1457101211851 550 589
4367.373430876084 4150.373430876084 47332644.0 1 738.5815390816509 560 566
4379.940440528498 4111.840440528497 47332659.0 1 746.056282587047 550 514
4394.29345294125 4093.2934529412496 47332674.0 1 751.6875577918639 550 472
4411.9081068804235 4098.308106880424 47332689.0 1 753.8236865068995 550 447
4436.412000149947 4119.312000149947 47332704.0 1 754.8059103514923 550 430
4476.356874933374 4171.856874933374 47332719.0 1 753.8955497730724 550 392
4526.285539979968 4226.685539979969 47332734.0 1 759.3311087799472 550 374
4578.60074015945 4283.90074015945 47332749.0 1 777.1819030215876 550 367
4627.042759421366 4321.1427594213665 47332764.0 1 765.7467702952305 540 376
4657.874351554846 4333.774351554845 47332765.5 1 762.5544380004861 540 415
4678.63749212199 4334.23749212199 47332780.5 1 772.7379696896332 540 510
4689.788648151925 4317.388648151925 47332795.5 1 766.3109276736055 540 570
4690.485876127243 4276.085876127242 47332810.5 1 770.259985944246 540 605
4686.877189446439 4217.177189446439 47332825.5 1 767.9363005097513 540 627
4677.433689522144 4151.733689522144 47332840.5 1 765.7128768018296 540 646
4668.377663989244 4090.877663989244 47332855.5 1 752.4384961459347 540 662
4661.099526987914 4048.5995269879145 47332870.5 1 755.6320717200152 540 667
4657.059908754958 4017.959908754958 47332885.5 1 765.497733687022 540 667
4656.376439024114 4005.3764390241136 47332900.5 1 749.3312710921851 550 661
4655.698105278581 4004.698105278582 47332915.5 1 747.6888404152147 550 647
4658.67277542378 4004.17277542378 47332930.5 1 745.3199225867706 550 639
4661.9149645134385 4022.814964513438 47332945.5 1 726.7397021389419 560 616
4683.680871961764 4081.6808719617648 47332960.5 1 737.8670663309938 560 595
4717.656130804954 4168.156130804954 47332975.5 1 738.2670667474696 560 591
4766.55893951205 4249.258939512049 47332990.5 1 738.8785639118237 560 594
4817.657893650425 4297.557893650425 47333005.5 1 731.0738486066311 560 600
4858.200630337804 4324.100630337804 47333020.5 1 736.2717724088727 560 613
4890.847041363589 4324.5470413635885 47333035.5 1 734.6119711859757 560 620
4921.7998149487275 4313.499814948728 47333050.5 1 738.1234242990197 560 627
4952.425648445246 4287.425648445246 47333065.5 1 743.5999927243283 570 627
4982.762507878171 4256.8625078781715 47333080.5 1 741.7823479908093 570 619
5012.911351847924 4228.211351847925 47333095.5 1 744.2195387011991 570 588
5050.014123872614 4215.614123872613 47333110.5 1 759.2814420507091 580 538
5091.422810553455 4215.022810553454 47333125.5 1 756.3673667573369 580 452
5147.066310477811 4241.966310477811 47333140.5 1 769.3211916865994 570 387
5211.422336010782 4290.222336010782 47333155.5 1 765.109614092515 570 336
5273.300473012177 4352.100473012176 47333170.5 1 780.3497743555739 580 340
5317.940091245177 4400.240091245178 47333185.5 1 777.0529514091229 580 361
5350.123560975688 4415.623560975688 47333200.5 1 783.223564257138 570 497
5350.801894721242 4416.301894721242 47333215.5 1 787.8496724201855 570 611
5353.427224576106 4376.227224576106 47333230.5 1 800.6630178007165 570 697
5341.785035486533 4300.8850354865335 47333245.5 1 782.9253074813289 570 731
5327.019128038299 4197.919128038299 47333260.5 1 785.0932031438853 570 752
5330.143869194936 4099.543869194937 47333275.5 1 786.6059697266909 580 757
5344.241060487804 4031.041060487805 47333290.5 1 779.3748103346734 580 758
5377.842106349425 3982.7421063494253 47333305.5 1 775.807470417857 580 740
5414.999369662074 3962.499369662074 47333320.5 1 771.6739781881308 580 711
5458.652958636345 3966.952958636344 47333335.5 1 761.1788736845309 580 670
5504.700185051274 3988.500185051274 47333350.5 1 768.6423203749778 590 634
5553.874351554824 4039.074351554824 47333365.5 1 761.5059314361577 590 594
5599.137492121952 4103.237492121952 47333380.5 1 760.1260142817623 600 542
5642.48864815188 4177.388648151879 47333395.5 1 754.2178726356578 600 524
5684.485876127199 4245.985876127199 47333410.5 1 758.6059467593022 600 532
5720.077189446408 4294.177189446407 47333425.5 1 755.0256389801351 600 546
5750.53368952213 4328.13368952213 47333440.5 1 753.9915359874267 600 613
5755.4776639892525 4328.177663989252 47333455.5 1 754.3290211702298 600 699
5743.999526987732 4294.999526987733 47333470.5 1 762.5621026595298 600 762
5721.759908754685 4240.559908754685 47333485.5 1 754.491387022607 600 812
5661.576439024159 4099.17643902416 47333500.5 1 759.8578991029055 600 855
5565.698105278622 3917.898105278623 47333515.5 1 760.3604141085676 600 892
5445.4727754238065 3710.8727754238066 47333530.5 1 766.5381536148108 600 935
5296.114964513445 3461.4149645134444 47333545.5 1 748.0612696436766 600 947
5131.680871961749 3191.9808719617495 47333560.5 1 755.7359322481177 610 953
4956.356130804921 2908.856130804921 47333575.5 1 752.1916207753599 610 973
4811.358939512005 2667.258939512006 47333590.5 1 756.6396530767098 610 997
4697.25789365038 2511.8578936503795 47333605.5 1 741.6766490809304 620 991
4603.400630337767 2413.800630337767 47333620.5 1 727.32033909553 610 991
4560.447041363568 2364.5470413635685 47333635.5 1 719.6315489213471 620 986
4547.999814948724 2349.9998149487233 47333650.5 1 705.4642640438988 610 920
4554.825648445105 2358.925648445105 47333665.5 1 683.7518045211973 620 855
4566.962507877924 2358.4625078779236 47333680.5 1 678.5380317474524 620 754
4582.41135184797 2357.81135184797 47333695.5 1 653.5690289983946 620 518
