192
2112.67343087602 4948.3734308760195 48458844.0 0 807.8793593702147 800 190
2112.6404405285925 4948.340440528592 48458859.0 1 806.9763820085236 800 183
2072.393452941005 4968.293452941005 48458874.0 1 805.1789363208221 800 180
2048.008106880416 4946.008106880417 48458889.0 1 814.287820437199 800 183
2008.8120001495931 4906.112000149593 48458904.0 1 813.1338284278172 790 193
1960.5568749333675 4813.756874933367 48458919.0 1 823.6937865639864 770 212
1906.8855399799647 4667.685539979965 48458934.0 1 836.8824770254604 750 260
1854.9007401594497 4485.50074015945 48458949.0 1 852.4400109690715 720 306
1803.2427594212206 4281.942759421221 48458964.0 1 853.3500230576371 710 338
1768.6806394194605 4059.08063941946 48458979.0 1 838.1782819969292 690 374
1755.318928027814 3823.1189280278136 48458994.0 1 844.4743299642072 670 399
1755.318928027814 3589.318928027814 48458994.0 1 845.7539385196482 660 413
1782.618486658866 3389.118486658866 48459009.0 1 833.8812883362644 650 417
1833.6268206588286 3211.2268206588287 48459024.0 1 830.5956566918513 630 418
1899.8113211533212 3078.611321153321 48459039.0 1 830.7080157494665 610 425
1974.7881720519983 2968.788172051998 48459054.0 1 820.7143245358246 600 423
2052.9406208614682 2874.7406208614684 48459069.0 1 810.7592651928898 600 414
2132.222630511142 2817.522630511142 48459084.0 1 826.2609281114876 580 405
2210.647116138493 2780.4471161384927 48459099.0 1 810.9298462201766 580 376
2273.661331062754 2756.661331062754 48459114.0 1 807.5571275513296 570 339
2329.1147674814365 2756.1147674814365 48459129.0 1 795.8362059418358 580 262
2379.926569123951 2799.2265691239513 48459144.0 1 779.0520833383191 580 175
2428.2595594714494 2873.459559471449 48459159.0 1 778.7151639398828 590 106
2468.5065470588593 3001.206547058859 48459174.0 1 770.3821679250716 590 71
2502.6918931193973 3148.791893119397 48459189.0 1 745.6964879597764 600 54
2534.1879998502104 3309.08799985021 48459204.0 1 762.2030687712809 600 18
2568.9572405787144 3666.5572405787143 48459264.0 0 749.7481990069807 620 58
2542.6193605804197 3965.7193605804196 48459279.0 1 748.321108953327 620 167
2511.881071972037 4043.4810719720367 48459294.0 1 745.3881692489753 620 249
2475.481513340988 4085.481513340988 48459309.0 1 739.1054297124978 620 270
2430.0731793410605 4054.0731793410605 48459324.0 1 760.4616532001207 610 274
2379.288678846627 3968.288678846627 48459339.0 1 760.0559047910701 610 314
2309.9118279480203 3845.7118279480205 48459354.0 1 765.1708246815728 610 329
2219.8593791384205 3686.3593791384205 48459369.0 1 774.4343679949142 610 345
2116.7773694886846 3538.4773694886844 48459384.0 1 770.1817134467029 600 336
2002.6528838613094 3398.4528838613096 48459399.0 1 784.1906420509373 600 340
1878.738668937067 3258.4386689370667 48459414.0 1 798.4411270997037 600 305
1747.6852325184423 3156.085232518442 48459429.0 1 799.5669852565928 600 299
1621.973430876077 3079.373430876077 48459444.0 1 802.2640808646563 600 306
1512.7404405285079 3033.140440528508 48459459.0 1 813.3461489020165 600 329
1414.393452941037 3042.593452941037 48459474.0 1 809.9378960625562 600 361
1365.50810688046 3088.9081068804594 48459489.0 1 815.2382432466444 590 368
1358.5120001496389 3170.812000149639 48459504.0 1 806.6701109059808 590 361
1378.8568749334054 3293.3568749334054 48459519.0 1 806.7899146739218 590 368
1452.585539979987 3442.685539979987 48459534.0 1 810.7354427107576 590 371
1573.5007401594514 3600.700740159451 48459549.0 1 803.5195462154887 590 361
1726.242759421201 3761.8427594212008 48459564.0 1 814.1753137558217 590 362
1926.1806394194239 3926.0806394194237 48459579.0 1 806.5115984708128 590 367
2136.118928027769 4052.0189280277687 48459594.0 1 804.0180041224144 590 372
2352.418486658822 4175.918486658822 48459609.0 1 816.5200997842952 590 393
2566.52682065905 4259.82682065905 48459624.0 1 804.9340519199429 580 398
2744.011321153424 4316.911321153424 48459639.0 1 818.8057162090456 580 397
2895.98817205196 4323.988172051961 48459654.0 1 832.1136868326751 580 405
3010.540620861494 4285.940620861494 48459669.0 1 831.7045536658214 580 418
3076.5226305111823 4218.222630511183 48459684.0 1 830.9633103129402 580 415
3109.4471161385386 4092.247116138539 48459699.0 1 833.2426422838089 570 418
3108.7613310627958 3950.161331062796 48459714.0 1 835.6830122616722 570 418
3074.6147674814647 3797.7147674814646 48459729.0 1 850.1720797491869 560 428
3023.22656912396 3639.92656912396 48459744.0 1 842.832293433868 560 458
2973.559559471437 3518.8595594714366 48459759.0 1 845.5749319388672 560 491
2952.2065470588277 3421.906547058828 48459774.0 1 839.1543073801687 550 501
2949.291893119354 3364.391893119354 48459789.0 1 831.4653081665509 550 517
2995.4879998501647 3326.5879998501646 48459804.0 1 834.1239259048469 560 524
3073.143125066719 3302.0431250667193 48459819.0 1 826.1696123739977 560 527
3172.314460020086 3283.6144600200855 48459834.0 1 845.0445817341362 560 526
3280.9992598405533 3249.4992598405533 48459849.0 1 837.4982097979174 570 513
3369.757240578734 3204.5572405787343 48459864.0 1 838.9814075404178 570 522
3445.619360580456 3129.919360580456 48459879.0 1 831.4250607228989 580 520
3476.481071972082 3050.181071972082 48459894.0 1 814.0111681434867 580 515
3475.781513341032 2966.881513341032 48459909.0 1 814.7836426952373 590 517
3446.4731793410942 2889.273179341094 48459924.0 1 808.9469082723917 600 513
3384.488678846643 2827.988678846643 48459939.0 1 812.5385601630942 600 524
3292.011827948015 2778.2118279480146 48459954.0 1 806.8858932351684 610 535
3178.8593791383946 2749.7593791383947 48459969.0 1 801.947414703268 610 541
3070.1773694886438 2743.977369488644 48459984.0 1 794.5979419798973 610 544
2959.5528838616124 2753.0528838616124 48459999.0 1 788.6125514451127 610 556
2846.838668937341 2793.638668937341 48460014.0 1 788.9446451005339 610 591
2775.2852325186277 2850.185232518628 48460029.0 1 784.5512429127979 610 608
2746.1734308760683 2917.6734308760683 48460044.0 1 792.4791479765362 610 614
2746.1404405285207 2995.3404405285205 48460059.0 1 795.779482463917 610 616
2782.893452941068 3098.5934529410683 48460074.0 1 789.7817976180002 610 616
2865.6081068805033 3218.408106880503 48460089.0 1 789.3614705535748 610 613
2977.6120001496847 3346.512000149685 48460104.0 1 789.8075485581078 610 611
3115.5568749334434 3485.8568749334436 48460119.0 1 786.0636774104244 610 614
3272.585539980009 3633.785539980009 48460134.0 1 786.1625654212588 610 608
3441.8007401594523 3763.1007401594525 48460149.0 1 778.2840961184978 610 578
3597.342759421181 3870.342759421181 48460164.0 1 788.8907517808365 610 465
3757.3806394193875 3963.1806394193877 48460179.0 1 788.5816951094855 600 262
4512.898105278965 4531.098105278965 48460315.5 0 834.7143897104181 570 333
4625.072775424029 4488.572775424029 48460330.5 1 838.0958684039916 560 381
4647.214964513401 4465.214964513401 48460345.5 1 855.898879976659 570 388
4647.280871961737 4459.680871961737 48460360.5 1 863.2579520825135 560 417
4679.156130805144 4435.556130805144 48460375.5 1 859.2068568485465 560 425
4727.358939511969 4398.358939511969 48460390.5 1 861.7652741080093 560 425
4786.157893650342 4368.957893650342 48460405.5 1 863.7828284129022 560 427
4841.4006303380165 4340.9006303380165 48460420.5 1 875.835658427014 550 427
4878.947041363551 4314.047041363551 48460435.5 1 872.6505839190008 550 427
4904.999814948724 4268.6998149487235 48460450.5 1 874.4520022114995 550 433
4908.325648445286 4182.425648445285 48460465.5 1 887.9881464052526 550 428
4888.26250787824 4069.2625078782403 48460480.5 1 867.6192117563173 550 431
4852.611351848008 3944.711351848008 48460495.5 1 870.6406080923415 550 431
4802.9141238730235 3786.5141238730234 48460510.5 1 870.0302317514136 550 436
4751.92281055327 3605.32281055327 48460525.5 1 868.8119221808927 560 438
4699.766310477836 3431.366310477836 48460540.5 1 862.6532913126034 560 440
4673.822336010767 3284.3223360107672 48460555.5 1 868.4602355891801 570 440
4657.300473012336 3155.100473012335 48460570.5 1 851.5351494224363 570 441
4646.640091245102 3047.840091245102 48460585.5 1 861.3593611348795 580 444
4633.323560975952 2960.3235609759527 48460600.5 1 854.6694650077834 580 444
4617.294185779081 2885.494185779081 48460602.0 1 851.3804842038845 590 444
4600.463562123538 2842.763562123539 48460617.0 1 827.1926500112145 600 440
4586.966491888072 2825.066491888072 48460632.0 1 829.6693985941795 600 466
4575.993342946884 2825.293342946883 48460647.0 1 804.4829906469114 600 452
4569.594664728874 2851.094664728874 48460662.0 1 816.319266152182 600 439
4576.891967797986 2935.3919677979857 48460677.0 1 802.9653963021686 610 439
4594.473034830638 3057.973034830639 48460692.0 1 782.5642164752261 610 443
4640.672785138027 3215.472785138027 48460707.0 1 788.5212708365688 610 441
4716.343864015386 3396.8438640153863 48460722.0 1 775.3450683957476 610 444
4811.123368061434 3594.523368061434 48460737.0 1 760.9193437819268 610 450
4906.902959907348 3744.9029599073488 48460752.0 1 766.751474744514 610 461
5004.408886959482 3843.108886959481 48460767.0 1 771.8459142196708 610 465
5106.39625980731 3905.8962598073103 48460782.0 1 779.1183628623876 610 465
5194.558837529873 3916.358837529873 48460797.0 1 772.2654578635616 610 473
5272.952186828992 3887.6521868289924 48460812.0 1 774.4004133389958 610 495
5321.125166604264 3832.925166604264 48460827.0 1 787.4781534823442 610 512
5345.252874741652 3748.552874741653 48460842.0 1 792.4748727347513 610 535
5353.663875142919 3651.2638751429186 48460857.0 1 798.4301097608853 610 543
5342.855769864123 3544.5557698641232 48460872.0 1 785.93270667165 610 554
5317.095721835791 3434.795721835791 48460887.0 1 804.6489289200758 610 556
5282.105814220768 3320.705814220767 48460902.0 1 801.4709759120801 610 559
5238.7364378763305 3231.13643787633 48460917.0 1 809.1094458434117 610 561
5184.333508111846 3159.2335081118467 48460932.0 1 808.8016080384527 620 557
5122.506657053103 3107.9066570531018 48460947.0 1 815.8025008122889 620 546
5056.805335271181 3079.305335271182 48460962.0 1 807.8684278578988 620 536
4991.408032201865 3065.7080322018655 48460977.0 1 794.231324336528 620 539
4938.82696516917 3075.4269651691693 48460992.0 1 790.5267629131453 620 537
4894.727214861779 3111.82721486178 48461007.0 1 798.9260205941379 620 540
4876.456135984461 3166.3561359844607 48461022.0 1 810.9477065804019 630 540
4892.976631938486 3239.576631938487 48461037.0 1 818.3287021116527 630 540
4931.597040092641 3321.5970400926412 48461052.0 1 800.2864075380747 630 541
4996.491113040442 3410.2911130404414 48461067.0 1 806.7058345027011 630 546
5071.6037401925605 3460.9037401925616 48461082.0 1 813.6318570684084 630 544
5154.241162469975 3460.2411624699757 48461097.0 1 807.8775132295093 630 540
5221.4478131708665 3433.6478131708664 48461112.0 1 810.5714149347915 630 540
5264.974833395635 3379.174833395635 48461127.0 1 812.7571683062446 630 541
5292.647125258309 3317.2471252583096 48461142.0 1 811.5075306301313 630 537
5302.436124857038 3250.036124857038 48461157.0 1 812.657296938886 630 553
5297.844230135751 3197.14423013575 48461172.0 1 815.3561700628214 630 567
5284.404278164027 3165.5042781640273 48461187.0 1 790.6633576023637 620 595
5275.9941857790345 3147.994185779035 48461202.0 1 796.2406084437101 620 617
5276.663562123499 3148.6635621234987 48461217.0 1 792.797656335125 620 608
5282.766491888235 3194.6664918882343 48461232.0 1 800.5333623852698 620 605
5303.993342946912 3264.193342946912 48461247.0 1 794.1453627124268 620 597
5347.294664728762 3395.6946647287623 48461262.0 1 803.1956726846698 620 581
5404.991967798021 3552.7919677980203 48461277.0 1 793.5362809536854 620 567
5481.3730348306835 3727.873034830683 48461292.0 1 794.3040626736241 620 561
5567.472785138071 3924.572785138072 48461307.0 1 809.8299691067454 620 564
5660.643864015422 4096.843864015423 48461322.0 1 811.3423603812656 620 574
5756.123368061453 4253.923368061453 48461337.0 1 809.3161536574313 620 594
5842.802959907345 4343.402959907346 48461352.0 1 814.0035545112396 610 594
5923.508886959457 4377.908886959458 48461367.0 1 810.4006027428021 610 594
5965.296259807271 4378.396259807271 48461382.0 1 832.0307497868087 600 588
5982.0588375298275 4329.358837529828 48461397.0 1 827.8808791520089 600 602
5982.75218682895 4246.05218682895 48461412.0 1 836.0479528109797 600 611
5958.825166604464 4137.425166604465 48461427.0 1 843.6605956796312 590 610
5929.0528747417275 4022.2528747417277 48461442.0 1 853.4669475549182 590 633
5894.063875142929 3918.6638751429286 48461457.0 1 852.3811737909184 590 638
5873.455769864152 3822.4557698641524 48461472.0 1 869.8156067649227 580 658
5879.195721835833 3732.2957218358333 48461487.0 1 860.9524624976104 580 668
5903.005814220813 3660.9058142208128 48461502.0 1 879.7438506191402 580 672
5966.7364378763705 3602.8364378763704 48461517.0 1 884.9046307267082 580 678
6060.033508111871 3551.2335081118713 48461532.0 1 879.3975699953153 580 682
6173.906657053106 3506.2066570531065 48461547.0 1 877.0121874189201 580 682
6298.605335271165 3465.0053352711643 48461562.0 1 883.773525351421 590 685
6393.508032201831 3417.808032201831 48461577.0 1 872.7139840452091 590 687
6469.026965169124 3360.326965169125 48461592.0 1 868.6990781997602 600 690
6513.127214862075 3295.2272148620755 48461607.0 1 867.8628739778565 600 697
6522.156135984695 3225.856135984694 48461622.0 1 858.3667537381405 610 691
6507.176631938468 3141.5766319384684 48461637.0 1 870.2783866052262 620 699
6455.497040092644 3047.897040092644 48461652.0 1 852.621645081653 630 719
6381.091113040464 2941.291113040465 48461667.0 1 858.4181656846448 630 730
6291.7037401926 2849.8037401926003 48461682.0 1 846.5998399209292 640 733
6179.041162470021 2768.6411624700218 48461697.0 1 840.804082001371 640 722
6067.047813171233 2711.2478131712337 48461712.0 1 838.1160157158557 650 722
5955.174833395665 2683.374833395666 48461727.0 1 843.6558822521052 650 725
5847.047125258321 2676.047125258321 48461742.0 1 845.74089570546 650 720
5760.936124857028 2709.636124857028 48461757.0 1 844.68589429615 650 728
5689.14423013572 2772.944230135721 48461772.0 1 825.4165154756962 650 730
5653.304278163664 2856.1042781636643 48461787.0 1 829.9908849117855 650 730
5653.994185779337 2956.1941857793377 48461802.0 1 824.7414561582391 650 728
5684.7635621237605 3059.0635621237598 48461817.0 1 826.8291253883192 650 724
5754.566491888209 3163.8664918882096 48461832.0 1 838.6927596885354 650 700
5863.293342946907 3248.0933429469073 48461847.0 1 819.2427518142375 650 564
