196
1452.4595594714397 3360.65955947144 48573159.0 0 868.451454089358 500 17
1459.1065470588348 3405.106547058835 48573174.0 1 857.1235554972278 500 67
1452.6918931193638 3430.891893119364 48573189.0 1 854.4598839043554 500 61
1444.2879998501753 3449.087999850175 48573204.0 1 863.4838752213268 500 66
1441.4431250667285 3462.3431250667286 48573219.0 1 850.6267367389104 500 70
1446.1144600199227 3472.6144600199223 48573234.0 1 857.3882623894497 500 93
1454.6992598405536 3480.499259840554 48573249.0 1 857.8802091386856 500 108
1466.4572405787296 3474.0572405787298 48573264.0 1 853.4569112311865 500 146
1480.7193605804478 3458.2193605804473 48573279.0 1 855.9693430993519 500 183
1501.0810719717288 3410.6810719717287 48573294.0 1 849.2513711940794 500 228
1526.281513341022 3332.281513341022 48573309.0 1 855.1306660534304 500 256
1550.1731793410866 3234.373179341086 48573324.0 1 862.4927494848738 510 282
1570.7886788466392 3135.2886788466394 48573339.0 1 860.6566083661176 510 304
1590.3118279480161 3035.111827948016 48573354.0 1 856.0606664349817 510 325
1610.159379138597 2956.259379138597 48573369.0 1 858.7852864390754 510 346
1630.2773694886537 2891.6773694886533 48573384.0 1 847.4615848847995 510 366
1650.552883861274 2855.252883861274 48573399.0 1 842.4399060237424 510 372
1670.1386689370347 2841.9386689370344 48573414.0 1 849.0896703259888 510 409
1688.8852325184203 2842.48523251842 48573429.0 1 847.2704925600129 510 423
1721.3734308761357 2872.1734308761356 48573444.0 1 842.7034510679515 520 414
1757.0404405285178 2936.5404405285176 48573459.0 1 849.1607311256295 520 415
1791.693452941061 3025.793452941061 48573474.0 1 845.3219035083288 520 414
1825.408106880493 3123.2081068804932 48573489.0 1 835.2450940615635 520 415
1852.0120001496741 3204.412000149674 48573504.0 1 832.1031248337246 520 414
1876.556874933146 3274.456874933146 48573519.0 1 817.223801758196 530 415
1900.5855399800041 3302.6855399800043 48573534.0 1 824.4042483546534 530 422
1917.2007401594522 3302.5007401594526 48573549.0 1 821.3095551687416 530 415
1936.2427594211858 3287.242759421186 48573564.0 1 824.2445546095835 540 417
1959.0806394193958 3245.680639419396 48573579.0 1 823.386947654687 540 425
1980.7189280280768 3183.3189280280767 48573594.0 1 813.4723209185538 540 438
1997.5184866587879 3107.7184866587877 48573609.0 1 821.3136537554753 540 443
2011.4268206590236 3025.726820659024 48573624.0 1 817.5707422674968 540 465
2023.0113211534117 2949.8113211534114 48573639.0 1 820.1210652012236 540 478
2033.5881720519646 2897.3881720519644 48573654.0 1 818.577025946602 540 498
2045.240620861514 2859.3406208615143 48573669.0 1 824.3247410393042 540 509
2057.3226305112134 2845.5226305112133 48573684.0 1 817.2904755192031 540 542
2072.0471161385744 2849.0471161385744 48573699.0 1 817.631741940381 540 589
2090.961331062828 2865.1613310628277 48573714.0 1 811.6542299256324 540 603
2128.9147674814867 2924.1147674814865 48573729.0 1 816.0218712083351 540 609
2178.3265691239662 3016.926569123966 48573744.0 1 825.677968337895 540 609
2243.4595594714265 3131.7595594714267 48573759.0 1 835.6644174723824 540 605
2309.6065470588032 3235.706547058803 48573774.0 1 818.0851805618415 540 569
2375.2918931193203 3325.8918931193202 48573789.0 1 825.7515223405313 540 497
2440.3879998501293 3406.3879998501293 48573804.0 1 822.3903717510382 540 372
2504.74312506669 3458.14312506669 48573819.0 1 823.5700228203042 540 141
2819.97317934112 3449.97317934112 48573924.0 0 821.3574978529034 530 203
2862.288678846655 3370.4886788466547 48573939.0 1 814.8311807284917 530 251
2862.21182794801 3327.0118279480103 48573954.0 1 817.6740997601315 530 276
2862.4593791383745 3281.7593791383747 48573969.0 1 824.2730857554992 530 289
2855.977369488613 3207.377369488613 48573984.0 1 830.1871289639087 530 314
2846.8528838615766 3130.3528838615766 48573999.0 1 830.6416318049845 530 327
2841.9386689373086 3049.138668937309 48574014.0 1 822.8022247411095 530 348
2838.2852325186063 2968.485232518606 48574029.0 1 818.4657227573124 530 361
2838.5734308760616 2907.1734308760615 48574044.0 1 830.6978025935246 530 377
2842.040440528531 2858.1404405285307 48574059.0 1 827.4289989154411 530 382
2849.3934529410926 2824.193452941093 48574074.0 1 812.1483507661728 530 384
2858.6081068805365 2809.6081068805365 48574089.0 1 831.9909489833494 530 384
2867.7120001497196 2808.91200014972 48574104.0 1 813.4246968177558 540 372
2877.556874933473 2827.856874933473 48574119.0 1 823.6991916855593 540 312
2893.8855399800264 2884.7855399800264 48574134.0 1 806.0810581732687 540 242
2910.500740159454 2966.500740159454 48574149.0 1 812.9081210849005 540 132
2927.442759421166 3078.6427594211664 48574164.0 1 811.7733354636532 540 24
2936.9858761271294 3314.9858761271294 48574210.5 0 807.4297276118156 540 1
2884.3771894465995 3566.8771894465995 48574225.5 1 809.7848163800284 540 137
2842.733689522211 3675.0336895222113 48574240.5 1 810.898675603301 540 241
2802.8776639892644 3770.9776639892643 48574255.5 1 806.0085305416233 540 339
2764.799526987777 3838.5995269877767 48574270.5 1 816.546745163944 540 409
2745.3599087550656 3887.7599087550657 48574285.5 1 812.7154621387966 540 435
2737.676439024234 3901.076439024234 48574300.5 1 816.9878377423317 540 439
2736.998105278688 3904.598105278688 48574315.5 1 812.6152619352179 520 438
2736.47277542405 3904.0727754240497 48574330.5 1 825.6329569328112 520 431
2746.014964513406 3891.214964513406 48574345.5 1 821.0749563891474 520 418
2767.7808719617256 3876.5808719617253 48574360.5 1 823.5437326765699 520 391
2805.256130805119 3845.456130805119 48574375.5 1 821.5354700232907 510 337
2866.758939512269 3805.458939512269 48574390.5 1 817.2798682258473 510 249
2944.4578936503067 3771.857893650307 48574405.5 1 821.7179496694308 510 106
3358.0625078782696 3724.1625078782695 48574480.5 0 844.7609372594934 510 5
3485.511351848043 3716.511351848043 48574495.5 1 837.4353504448624 510 75
3517.0141238730575 3695.514123873057 48574510.5 1 843.2139626173343 510 148
3531.1228105532946 3664.1228105532946 48574525.5 1 838.1481319813767 510 196
3530.766310477744 3619.666310477744 48574540.5 1 841.796535969985 510 242
3519.522336010761 3564.322336010761 48574555.5 1 854.2994040280508 510 282
3503.0004730123137 3502.300473012314 48574570.5 1 843.2052829798075 510 309
3484.64009124507 3443.34009124507 48574585.5 1 857.6073972443784 510 334
3479.0235609759175 3393.6235609759174 48574600.5 1 847.8233735089026 520 338
3493.0018947214458 3350.201894721446 48574615.5 1 844.2513069493219 520 364
3520.1272245760365 3317.1272245760365 48574630.5 1 843.693986779897 520 374
3573.585035486566 3290.785035486566 48574645.5 1 844.6756997122893 530 394
3642.119128038338 3269.0191280383383 48574660.5 1 851.1248411403488 530 389
3720.1438691950225 3246.943869195022 48574675.5 1 846.3422807724888 530 392
3790.9410604879195 3221.8410604879195 48574690.5 1 856.9112987471667 530 394
3833.6421063498874 3191.7421063498878 48574705.5 1 845.14500693729 530 400
3856.799369661891 3155.399369661891 48574720.5 1 848.7472175152806 530 409
3856.352958636397 3111.552958636397 48574735.5 1 841.5616422640446 530 425
3826.100185051278 3057.500185051278 48574750.5 1 846.6313121817753 540 442
3780.074351554931 2996.7743515549314 48574765.5 1 840.8024986799862 540 469
3713.3374921218538 2938.4374921218537 48574780.5 1 847.3646832468328 550 480
3638.3886481521067 2889.3886481521067 48574795.5 1 845.9712888120373 550 493
3557.8858761270853 2846.6858761270855 48574810.5 1 841.6210427976897 550 507
3493.377189446567 2819.2771894465673 48574825.5 1 841.5887359090027 550 515
3446.8336895221973 2814.0336895221976 48574840.5 1 839.9974457880293 550 524
3411.877663989272 2823.877663989272 48574855.5 1 848.5038350694821 550 515
3392.699526987805 2852.2995269878047 48574870.5 1 838.005587577331 550 499
3392.159908755107 2916.159908755107 48574885.5 1 839.6265388728465 550 480
3411.776439023931 3002.976439023931 48574900.5 1 844.744253002466 550 456
3455.89810527842 3136.69810527842 48574915.5 1 843.2653074859122 550 425
3523.272775423876 3289.4727754238756 48574930.5 1 854.0205864867825 550 405
3605.6149645134124 3454.414964513412 48574945.5 1 851.530299778796 550 391
3709.9808719617104 3632.2808719617105 48574960.5 1 849.7291139918087 550 388
3813.9561308050856 3808.3561308050857 48574975.5 1 856.5292050358057 550 388
3917.458939512225 3983.258939512225 48574990.5 1 846.9880267998915 550 396
4020.3578936502613 4127.457893650261 48575005.5 1 842.9477771239912 540 412
4108.5006303379505 4229.600630337951 48575020.5 1 834.2613230266123 540 414
4187.347041363516 4302.847041363516 48575035.5 1 845.2401745575432 540 422
4241.399814948725 4330.9998149487255 48575050.5 1 844.2765590229865 530 428
4283.925648445161 4318.925648445161 48575065.5 1 840.4084705224293 530 443
4318.462507878307 4279.262507878308 48575080.5 1 850.2646595322398 530 461
4340.9113518477425 4195.311351847742 48575095.5 1 854.148881231916 530 478
4340.214123872771 4077.714123872771 48575110.5 1 863.2298665171578 530 494
4326.322810553327 3938.522810553327 48575125.5 1 852.6075511280716 530 519
4302.16631047786 3790.46631047786 48575140.5 1 871.3137493780025 530 532
4269.922336010753 3642.022336010753 48575155.5 1 862.5275226067089 530 536
4232.400473012286 3494.600473012286 48575170.5 1 874.7315645027255 530 556
4196.540091245029 3353.7400912450285 48575185.5 1 870.7523677578504 530 568
4164.323560975871 3245.923560975871 48575200.5 1 865.0137292274616 530 577
4139.801894721096 3160.501894721096 48575215.5 1 883.2455948468274 530 592
4127.7272245760105 3095.2272245760105 48575230.5 1 880.0463973568501 530 595
4123.085035486559 3061.185035486559 48575245.5 1 876.2872537407985 540 592
4129.319128038353 3047.119128038353 48575260.5 1 865.1371500462302 540 594
4152.743869194805 3053.743869194805 48575275.5 1 879.1177495324667 540 605
4187.841060487964 3098.641060487964 48575290.5 1 876.5649488883179 550 595
4244.54210634959 3170.0421063495887 48575305.5 1 870.4971086980287 560 588
4322.299369661928 3262.4993696619276 48575320.5 1 866.6592292725215 560 589
4414.252958636417 3350.2529586364176 48575335.5 1 859.8736902109273 560 591
4501.600185051277 3435.500185051277 48575350.5 1 858.1839803155046 560 594
4566.174351554747 3473.474351554746 48575365.5 1 857.0178290520207 560 597
4616.3374921218165 3473.937492121816 48575380.5 1 854.930748756969 560 586
4649.1886481520605 3457.088648152061 48575395.5 1 847.2471569175927 560 591
4668.085876127042 3403.185876127042 48575410.5 1 859.085530339823 560 594
4677.077189446535 3326.077189446535 48575425.5 1 855.9691612135807 560 609
4677.433689522081 3233.3336895220814 48575440.5 1 851.3945673951786 560 620
4677.477663989281 3138.8776639892803 48575455.5 1 842.0604849985992 560 647
4692.599526987622 3046.8995269876227 48575470.5 1 839.9946270512913 560 638
4718.659908754835 2957.459908754835 48575485.5 1 848.1564373673428 560 667
4756.476439023977 2909.176439023977 48575500.5 1 844.4720943286104 560 666
4818.098105278769 2882.5981052787693 48575515.5 1 843.592766633734 560 697
4895.972775423902 2870.872775423902 48575530.5 1 841.2476205691939 570 696
4981.114964513418 2900.714964513419 48575545.5 1 851.9389970114182 570 697
5079.880871961695 2963.7808719616955 48575560.5 1 851.3470960247213 570 697
5187.356130805053 3048.8561308050525 48575575.5 1 844.9870679200574 570 691
5286.658939511846 3154.458939511847 48575590.5 1 851.3232241992046 570 691
5371.357893650215 3271.357893650216 48575605.5 1 858.9233589673524 570 670
5446.200630337913 3395.9006303379138 48575620.5 1 861.8862853718671 570 667
5498.447041363495 3522.3470413634955 48575635.5 1 861.4954298971378 570 656
5517.49981494872 3610.6998149487204 48575650.5 1 852.3934602771146 570 653
5513.825648445182 3673.5256484451825 48575665.5 1 870.0892915935058 580 647
5493.0625078780595 3689.862507878059 48575680.5 1 860.798921716617 580 636
5456.711351847789 3671.0113518477883 48575695.5 1 860.0214457570022 580 637
5409.814123872814 3629.0141238728143 48575710.5 1 867.2615975584258 580 638
5358.822810553359 3552.822810553359 48575725.5 1 860.5011073144287 580 643
5311.566310477874 3459.3663104778734 48575740.5 1 861.0915599426537 580 646
5279.322336010745 3355.022336010745 48575755.5 1 878.4493585755506 570 655
5255.800473012258 3265.700473012258 48575770.5 1 874.8053491482807 570 667
5246.540091244987 3191.3400912449874 48575785.5 1 884.2586810057453 570 663
5255.623560975825 3126.923560975825 48575800.5 1 878.2412876716186 570 669
5277.301894721055 3079.3018947210553 48575815.5 1 866.58051714361 570 685
5323.327224575984 3051.1272245759837 48575830.5 1 872.3052804072781 570 697
5397.785035486601 3036.685035486602 48575845.5 1 879.911823582621 570 694
5491.519128038254 3060.419128038255 48575860.5 1 872.6362078838175 570 694
5608.043869194838 3116.043869194838 48575875.5 1 879.4979410713745 570 705
5734.1410604880075 3193.141060488008 48575890.5 1 879.1914302894753 570 710
5865.742106349635 3292.542106349634 48575905.5 1 879.9633098599155 580 707
6012.099369661965 3411.599369661965 48575920.5 1 881.8324019278778 580 710
6153.752958636437 3543.4529586364374 48575935.5 1 882.3860701645161 580 707
6273.300185051276 3649.000185051276 48575950.5 1 875.3133375616228 580 707
6379.874351554725 3722.6743515547246 48575965.5 1 876.4363279110294 590 707
6435.637492121778 3775.637492121778 48575980.5 1 884.3045861358409 590 705
6451.688648152015 3776.288648152015 48575995.5 1 874.4979821804375 590 711
6441.8858761269985 3743.385876126998 48576010.5 1 894.8999458060796 590 717
6403.277189446746 3687.977189446746 48576025.5 1 889.5133864815932 590 731
6347.63368952217 3607.8336895221705 48576040.5 1 892.3415264256333 590 737
6280.477663989229 3525.9776639892284 48576055.5 1 910.4069374693424 600 757
6233.99952698765 3441.69952698765 48576070.5 1 902.0454021867602 600 754
6217.359908754876 3359.9599087548763 48576085.5 1 921.8505065065281 590 763
6220.176439024023 3293.476439024023 48576100.5 1 923.8341102318865 590 774
6248.1981052788105 3237.4981052788103 48576115.5 1 922.098887814962 590 782
6279.872775423928 3183.0727754239288 48576130.5 1 914.1818005398379 590 790
6307.614964513425 3131.0149645134256 48576145.5 1 921.3419801250802 600 793
6331.48087196168 3079.980871961681 48576160.5 1 927.5654736660306 600 797
6331.856130805019 3018.7561308050194 48576175.5 1 933.3264229003204 600 783
6307.958939511803 2965.458939511803 48576190.5 1 926.2852851690145 600 783
6264.55789365017 2917.1578936501705 48576205.5 1 920.541407810248 600 794
6191.700630338156 2880.700630338156 48576220.5 1 929.650610334186 600 782
6119.347041363629 2857.3470413636287 48576235.5 1 925.4880666075699 600 751
6046.699814948721 2842.099814948721 48576250.5 1 928.8002948366502 600 636
5998.9256484452035 2854.525648445204 48576265.5 1 936.0937631777089 600 101
