199
1779.0606601718684 5038.960660171868 50361075.0 0 738.7749372738485 650 319
1795.263525491907 5102.763525491906 50361090.0 1 726.2094038177298 630 344
1810.6653483023415 5155.965348302341 50361105.0 1 729.5196539273552 600 333
1832.4183221216726 5197.318322121672 50361120.0 1 745.168435432107 580 341
1889.3634902137287 5231.163490213729 50361135.0 1 735.0507454850801 560 364
1950.1 5263.2 50361150.0 1 730.9492055536696 550 366
2016.0634902136492 5280.163490213649 50361165.0 1 738.3707234920907 530 387
2087.9183221215308 5286.91832212153 50361180.0 1 738.6011199342682 520 400
2159.9653483021684 5280.565348302168 50361195.0 1 750.2556365664358 520 420
2222.9635254914083 5265.163525491408 50361210.0 1 763.4255359049206 510 414
2280.960660171744 5243.360660171744 50361225.0 1 756.9669893354512 510 417
2317.026584774354 5209.4265847743545 50361240.0 1 757.4128055778802 510 423
2337.3815325109194 5170.98153251092 50361255.0 1 767.8139438779514 510 427
2347.6135254918036 5114.013525491803 50361270.0 1 756.9229435017222 510 440
2334.4809857495643 5045.580985749564 50361285.0 1 759.1976233404151 510 449
2296.699999999837 4953.899999999837 50361300.0 1 765.4356824712991 500 442
2242.1190142504565 4831.419014250456 50361315.0 1 767.2160930872573 500 452
2165.2864745084153 4688.0864745084145 50361330.0 1 774.2697272401804 500 471
2082.4184674891385 4548.518467489138 50361345.0 1 769.7362571995166 510 491
1996.3734152255306 4404.37341522553 50361360.0 1 760.1095440922983 510 535
1928.1393398282385 4257.039339828238 50361375.0 1 769.1890328310675 510 561
1881.136474508237 4159.6364745082365 50361390.0 1 763.5233503737853 510 583
1847.534651697463 4107.134651697463 50361405.0 1 764.1195420743353 510 594
1834.8816778781672 4085.381677878167 50361420.0 1 768.54412444441 510 586
1835.336509786181 4085.836509786181 50361435.0 1 755.1772432579966 510 589
1843.1999999999998 4104.2 50361450.0 1 763.8034188516567 510 592
1873.83650978644 4132.73650978644 50361465.0 1 768.5470787385757 510 597
1923.7816778783463 4196.681677878347 50361480.0 1 766.4506776474406 510 599
1986.8346516976817 4279.334651697681 50361495.0 1 755.7639369637602 510 603
2068.0364745084476 4375.236474508448 50361510.0 1 748.7779571642675 510 595
2155.639339828148 4466.339339828148 50361525.0 1 757.130953452145 510 592
2246.9734152255987 4528.973415225599 50361540.0 1 755.3730376210821 510 589
2320.4184674891035 4572.318467489103 50361555.0 1 759.8551333433986 510 591
2387.886474508285 4584.486474508285 50361570.0 1 744.8268187455917 510 591
2451.4190142502594 4562.619014250259 50361585.0 1 758.6623435191427 510 592
2512.2999999999647 4518.499999999965 50361600.0 1 747.1130604879513 510 595
2573.880985749367 4414.180985749367 50361615.0 1 748.6572753401551 510 595
2622.0135254914685 4255.113525491468 50361630.0 1 739.1207902432125 520 594
2661.4815325108307 4058.6815325108305 50361645.0 1 748.0554493309072 520 602
2678.2265847744225 3826.2265847744225 50361660.0 1 731.0582291562569 520 602
2690.4606601716537 3567.560660171654 50361675.0 1 738.4430831059635 520 611
2699.6635254916187 3291.1635254916187 50361690.0 1 737.9436158251656 530 634
2688.465348302387 3091.665348302387 50361705.0 1 721.0536585231054 530 638
2677.31832212171 2907.61832212171 50361720.0 1 721.412696218698 530 641
2665.66349021375 2734.2634902137497 50361735.0 1 715.2680226898807 540 645
2655.7 2597.6 50361750.0 1 701.9359241135267 540 592
2630.6634902136284 2512.363490213628 50361765.0 1 677.7102566034017 540 485
2595.4183221214935 2462.4183221214935 50361780.0 1 677.1216516407989 550 250
2115.213525491626 2731.213525491626 50361870.0 0 631.5805282476654 560 249
1976.7809857496054 2897.2809857496054 50361885.0 1 626.7465667878095 560 269
1925.6999999998832 2973.599999999883 50361900.0 1 634.358007720892 560 272
1898.4190142504976 3045.7190142504974 50361915.0 1 629.7761502269642 560 270
1886.686474508442 3114.486474508442 50361930.0 1 612.4878080819321 550 277
1898.3184674891456 3193.3184674891454 50361945.0 1 625.6649690752369 550 312
1931.9734152255162 3290.6734152255162 50361960.0 1 635.0224975691871 550 341
1979.9393398282057 3400.2393398282056 50361975.0 1 627.1501860157407 550 367
2043.536474508193 3503.0364745081934 50361990.0 1 635.5210234882554 540 387
2120.5346516974173 3579.3346516974175 50362005.0 1 638.2301279831757 540 391
2205.88167787813 3638.08167787813 50362020.0 1 635.248333956889 540 404
2273.5365097863187 3660.9365097863188 50362035.0 1 648.2735720393896 540 414
2319.2 3646.3999999999996 50362050.0 1 658.5273436072329 530 463
2349.836509786303 3607.0365097863028 50362065.0 1 664.794318042209 520 524
2359.881677878384 3529.5816778783837 50362080.0 1 660.8979183805835 520 565
2341.7346516977273 3407.134651697727 50362095.0 1 660.5296486351538 520 585
2303.9364745084913 3255.2364745084915 50362110.0 1 668.5678387202802 520 616
2249.439339828181 3102.7393398281806 50362125.0 1 676.8111563392677 520 640
2188.173415225613 2943.473415225613 50362140.0 1 668.1881056128856 520 659
2122.3184674890963 2818.8184674890963 50362155.0 1 676.992617079728 520 668
2084.786474508258 2718.9864745082577 50362170.0 1 671.0124844841924 520 662
2073.4190142502184 2692.219014250218 50362185.0 1 659.0692647638595 520 613
2078.999999999919 2701.999999999919 50362200.0 1 670.8297036250269 520 570
2095.780985749326 2735.580985749326 50362215.0 1 659.8403743815225 520 425
2142.5135254916468 2860.713525491647 50362230.0 1 656.3703250430539 520 175
2312.103166046308 3289.303166046308 50362261.5 0 659.4472350208383 520 3
2569.309518770314 3696.309518770314 50362276.5 1 660.0404639161429 520 115
2700.2958095749036 3859.495809574904 50362291.5 1 660.8028037320316 520 196
2818.5958190571523 3987.5958190571523 50362306.5 1 655.783585690576 520 274
2928.5621360155583 4094.762136015558 50362321.5 1 662.9881267536198 520 338
3021.9328950851764 4187.432895085177 50362336.5 1 676.8207518817953 520 425
3084.8016651875473 4238.401665187547 50362351.5 1 678.370650649676 520 468
3127.6970527282974 4256.097052728297 50362366.5 1 690.9560456586158 510 502
3142.8764657730203 4252.376465773021 50362381.5 1 689.1003736288133 510 546
3133.035398533496 4215.235398533496 50362396.5 1 695.1180958276873 510 557
3105.730212265572 4123.530212265572 50362411.5 1 700.2646366750238 510 562
3047.5094466424734 3994.6094466424734 50362426.5 1 707.4208693346951 510 575
2977.8468361276264 3864.7468361276265 50362441.5 1 700.257305597833 510 600
2900.8688342159558 3724.068834215956 50362456.5 1 706.343396024749 510 636
2852.9706456110093 3575.3706456110094 50362471.5 1 710.8637489993902 510 638
2846.1172715381267 3492.2172715381266 50362486.5 1 703.833181922381 510 652
2866.429340324063 3443.929340324063 50362501.5 1 714.8019792003515 500 667
2917.556811997668 3419.456811997668 50362516.5 1 723.4408081207658 510 685
2996.1462889580857 3429.446288958086 50362531.5 1 715.2283550193067 510 690
3093.9090585668323 3471.9090585668323 50362546.5 1 723.2367079287285 510 690
3200.396833953745 3535.696833953745 50362561.5 1 705.2970500318095 510 670
3302.990481229798 3592.790481229798 50362576.5 1 711.8007072188552 510 636
3402.304190424905 3651.5041904249047 50362591.5 1 697.6693237289271 520 548
3478.6041809429953 3725.704180942995 50362606.5 1 701.0478691052839 530 364
3653.953163872425 4916.053163872426 50362741.5 0 702.0963361767725 530 282
3700.8311657840745 5085.431165784074 50362756.5 1 719.8324545117475 520 297
3718.629354389085 5181.629354389084 50362771.5 1 716.2538293314257 520 306
3732.4827284620114 5238.182728462011 50362786.5 1 724.8099463982053 520 314
3763.970659676088 5267.570659676088 50362801.5 1 726.0998481378814 510 342
3795.443188002463 5291.343188002463 50362816.5 1 735.6339099322031 510 369
3826.053711041997 5311.453711041997 50362831.5 1 757.6346343997533 510 388
3857.090941433184 5315.190941433184 50362846.5 1 759.357716634237 500 413
3888.503166046324 5309.503166046324 50362861.5 1 749.555434618888 500 422
3911.209518770348 5278.3095187703475 50362876.5 1 772.2529754807114 500 436
3928.0958095752853 5199.9958095752845 50362891.5 1 768.7120164205171 490 443
3916.1958190571972 5090.795819057197 50362906.5 1 775.142408769379 490 444
3878.462136015594 4945.262136015594 50362921.5 1 769.1689434947784 490 442
3822.732895085052 4789.432895085051 50362936.5 1 775.5539466203909 480 488
3760.3016651875614 4627.601665187562 50362951.5 1 782.736932273895 480 562
3699.5970527282743 4487.797052728274 50362966.5 1 772.0173988955485 490 603
3665.7764657729817 4397.976465772981 50362981.5 1 768.3529206414065 490 620
3648.93539853345 4341.23539853345 50362996.5 1 777.4729730038031 490 611
3655.2302122655287 4326.530212265529 50363011.5 1 770.1856415305316 490 625
3674.709446642443 4334.109446642443 50363026.5 1 768.5028884483448 490 630
3702.346836127614 4356.846836127614 50363041.5 1 766.1422848662493 490 630
3753.4688342159648 4442.968834215965 50363056.5 1 763.8430545447015 490 630
3814.770645611038 4541.3706456110385 50363071.5 1 766.9126823578636 490 628
3883.517271538168 4648.617271538169 50363086.5 1 764.7423570755813 490 627
3936.7293403241088 4696.929340324109 50363101.5 1 761.5488612979161 500 625
3972.456811997708 4708.856811997708 50363116.5 1 755.8255617701805 500 617
3997.1462889579193 4696.44628895792 50363131.5 1 760.9403769350012 500 617
4008.809058566799 4648.609058566799 50363146.5 1 762.179901415807 500 624
4008.8968339537287 4559.096833953729 50363161.5 1 764.888838122664 500 624
4000.190481229764 4442.590481229763 50363176.5 1 760.6042318942767 500 630
3994.50419042486 4320.70419042486 50363191.5 1 758.4453967968376 500 640
4007.80418094295 4236.70418094295 50363206.5 1 757.3286364386411 500 670
4033.637863984524 4177.837863984524 50363221.5 1 754.8244286182493 500 662
4085.1671049148663 4148.167104914866 50363236.5 1 762.2074741815923 510 666
4132.8983348124475 4148.298334812448 50363251.5 1 760.8018613719456 510 673
4178.202947271823 4171.202947271823 50363266.5 1 750.2755862663219 510 667
4221.123534227184 4221.823534227184 50363281.5 1 763.5319454940052 510 668
4257.564601466745 4292.564601466745 50363296.5 1 759.2312293683063 510 645
4289.069787734329 4376.569787734329 50363311.5 1 765.4835304589197 510 611
4312.990553357455 4494.290553357455 50363326.5 1 766.4199115293038 520 594
4337.853163872345 4596.853163872345 50363341.5 1 768.0147635308099 520 592
4362.331165784065 4689.931165784065 50363356.5 1 766.7550383166916 520 589
4375.229354389056 4697.929354389056 50363371.5 1 774.0517078778627 520 609
4379.982728461969 4669.082728461969 50363386.5 1 775.7943565833324 520 644
4387.670659676041 4616.570659676042 50363401.5 1 775.8087918590428 520 663
4396.0431880024225 4472.343188002423 50363416.5 1 769.9291319604356 520 690
4406.353711041971 4309.053711041971 50363431.5 1 781.4683635370058 520 720
4406.590941433178 4132.890941433178 50363446.5 1 765.8405942213941 530 731
4396.00316604634 3938.90316604634 50363461.5 1 763.2035405851816 530 740
4385.809518770382 3772.6095187703822 50363476.5 1 765.5414526591027 530 740
4370.495809575329 3624.99580957533 50363491.5 1 761.1775909591435 530 743
4351.595819056901 3502.495819056901 50363506.5 1 742.9731837767691 540 742
4326.462136015357 3414.3621360153575 50363521.5 1 759.2298343930295 540 743
4302.232895085071 3350.232895085071 50363536.5 1 755.2196038037974 540 748
4279.001665187559 3336.1016651875593 50363551.5 1 745.9065999329501 540 739
4256.097052728252 3355.197052728252 50363566.5 1 750.157637847051 540 724
4232.776465772943 3396.976465772943 50363581.5 1 737.9530453874289 550 713
4233.435398533404 3468.3353985334043 50363596.5 1 730.7542274776307 550 713
4248.130212265485 3548.1302122654856 50363611.5 1 722.9777490048936 550 721
4297.709446642411 3634.1094466424115 50363626.5 1 721.5259642267094 550 724
4381.346836127602 3776.546836127602 50363641.5 1 714.6685638542021 550 731
4487.068834215975 3906.0688342159747 50363656.5 1 723.6473559414675 550 731
4602.270645611066 4026.170645611067 50363671.5 1 712.7779238829102 560 731
4727.717271537892 4171.917271537893 50363686.5 1 709.6063550422181 560 733
4859.329340323806 4316.829340323806 50363701.5 1 704.1007752021627 560 725
4968.556811997444 4462.456811997445 50363716.5 1 702.6898162683242 560 724
5077.9462889579445 4611.046288957944 50363731.5 1 701.1354490605479 560 733
5188.309058566803 4762.009058566804 50363746.5 1 723.6572044036649 560 728
5280.796833953713 4903.496833953713 50363761.5 1 731.6589442310669 560 730
5361.69048122973 4999.790481229729 50363776.5 1 734.6173486315217 560 721
5416.204190424815 5066.904190424815 50363791.5 1 740.5854704119208 550 700
5449.804180942905 5111.004180942905 50363806.5 1 751.4898398902285 550 667
5468.637863984488 5134.737863984487 50363821.5 1 744.3502120118831 550 630
5462.767104914848 5144.967104914847 50363836.5 1 760.5466382514869 540 557
5436.99833481245 5149.99833481245 50363851.5 1 759.6730806937263 550 522
5396.902947271846 5149.802947271846 50363866.5 1 766.6826480346106 550 502
5348.82353422693 5154.22353422693 50363881.5 1 771.3700679630113 550 490
5302.664601466445 5161.964601466444 50363896.5 1 783.205924757863 540 467
5260.669787734372 5180.869787734372 50363911.5 1 788.4809221228621 540 467
5220.890553357486 5199.890553357486 50363926.5 1 790.4043871445892 540 475
5193.953163872357 5205.153163872357 50363941.5 1 798.1545342274017 530 478
5174.331165784055 5205.131165784055 50363956.5 1 794.9602943652773 530 497
5152.229354389027 5169.729354389027 50363971.5 1 810.6911250752046 520 530
5130.382728461927 5114.282728461927 50363986.5 1 811.3416296346317 520 567
5109.370659675996 5044.270659675996 50364001.5 1 806.0477726771358 520 594
5092.5431880023825 4934.343188002383 50364016.5 1 811.421376115512 520 644
5079.0537110419455 4796.953711041946 50364031.5 1 808.154412082634 520 675
5079.290941433173 4641.790941433173 50364046.5 1 809.3567987717664 520 690
5084.803166046233 4470.903166046233 50364061.5 1 788.5139285566781 520 705
5100.509518770158 4296.209518770158 50364076.5 1 802.6968646827481 520 728
5130.695809575037 4119.895809575038 50364091.5 1 798.7650196679667 530 737
5171.295819056945 3958.1958190569458 50364106.5 1 805.8440927994234 530 756
5228.7621360153935 3801.4621360153933 50364121.5 1 809.2379507612384 540 794
5286.4328950850895 3647.73289508509 50364136.5 1 801.779109492628 540 821
5336.001665187558 3474.0016651875576 50364151.5 1 797.5673539605749 550 825
5379.597052728229 3273.9970527282285 50364166.5 1 772.3816521559864 550 882
5397.576465772904 3056.0764657729046 50364181.5 1 773.7522204445112 560 894
5367.435398533358 2855.8353985333583 50364196.5 1 760.1787634803916 560 899
5305.830212265442 2626.930212265442 50364211.5 1 749.3573809477436 580 908
5216.809446642381 2379.7094466423805 50364226.5 1 747.8566235272735 580 884
5093.94683612759 2135.04683612759 50364241.5 1 734.1215517268433 590 799
4948.368834215913 1924.3688342159132 50364256.5 1 720.7572370641275 600 566
