172
1478.0498319542842 4611.249831954284 50522992.5 0 729.9062116934685 510 241
1422.7501680456214 4691.050168045622 50523007.5 1 728.3392448565202 510 245
1416.3741720724538 4716.174172072454 50523022.5 1 720.6803738354704 510 244
1416.7858192986553 4716.585819298655 50523037.5 1 730.7987946208468 510 247
1439.2953760006137 4727.195376000614 50523052.5 1 725.292778159591 510 260
1455.8789602465658 4717.878960246566 50523067.5 1 720.975616022061 510 310
1474.2837478473327 4673.983747847333 50523082.5 1 723.7250794966732 510 368
1496.017688643434 4606.817688643434 50523097.5 1 728.6311144320257 510 413
1518.425974851525 4515.825974851525 50523112.5 1 726.9829842926246 510 438
1543.059391051578 4369.659391051578 50523127.5 1 727.0896636025155 510 473
1571.4414451193693 4186.641445119369 50523142.5 1 735.5192325112321 510 498
1612.741445119382 3967.541445119382 50523157.5 1 727.0016969403571 510 520
1662.0593910516136 3710.9593910516137 50523172.5 1 732.8362613982925 510 524
1723.525974851253 3429.425974851253 50523187.5 1 713.4309506527803 520 540
1791.4176886434889 3136.8176886434885 50523202.5 1 735.8093739530862 520 559
1863.4837478470815 2863.7837478470815 50523217.5 1 716.6485422120478 520 577
1922.0789602464122 2603.878960246412 50523232.5 1 696.1804159298415 530 603
1975.4953760005903 2415.7953760005903 50523247.5 1 688.1415206441985 530 622
2025.7858192989015 2258.885819298902 50523262.5 1 685.7924213795982 530 628
2085.574172072678 2121.974172072678 50523277.5 1 678.9950038404671 540 638
2145.150168045568 2045.7501680455682 50523292.5 1 673.3334158305182 540 638
2194.149831954231 2007.9498319542308 50523307.5 1 659.8262417039714 540 639
2236.9258279274304 1995.4258279274306 50523322.5 1 644.9875137679842 550 639
2262.414180701286 2021.6141807012864 50523337.5 1 646.3067562372653 550 645
2280.504623999398 2120.204623999398 50523352.5 1 624.5810410912923 550 645
2294.021039753513 2267.421039753513 50523367.5 1 621.0772334507282 550 639
2307.1162521527963 2487.0162521527964 50523382.5 1 608.7943085810883 550 622
2322.4823113563684 2788.6823113563682 50523397.5 1 613.9827378944178 550 617
2339.9740251482917 3144.274025148292 50523412.5 1 608.6359499320113 550 613
2368.540608948293 3501.1406089482934 50523427.5 1 600.5282148672919 550 611
2403.858554880584 3828.358554880584 50523442.5 1 591.706302945798 550 595
2440.2585548806637 4135.658554880663 50523457.5 1 599.1586690410314 550 594
2478.4406089482877 4378.940608948287 50523472.5 1 612.6692256185776 540 594
2517.074025148607 4570.174025148606 50523487.5 1 611.2210125499475 540 603
2535.2823113563595 4727.68231135636 50523502.5 1 625.9958838678621 540 603
2544.4162521527887 4838.316252152788 50523517.5 1 632.6834518769018 540 606
2543.9210397535085 4914.121039753509 50523532.5 1 641.9854957961148 530 613
2543.7046239993974 4967.804623999396 50523547.5 1 666.4355442802591 520 595
2537.514180701156 4998.014180701156 50523562.5 1 666.5465289155385 520 545
2528.8258279274373 5007.525827927438 50523577.5 1 679.9211345400624 510 367
2518.949831954239 5003.949831954239 50523592.5 1 695.6168191248661 510 17
2713.8595594713906 3343.159559471391 50523759.0 0 721.6690530074501 470 394
2810.106547058715 2898.306547058715 50523774.0 1 719.5640120919544 470 397
2794.591893119528 2808.591893119528 50523789.0 1 710.2190032410552 470 377
2847.7879998500016 2699.3879998500015 50523804.0 1 698.277682397284 470 363
2906.543125066872 2577.543125066872 50523819.0 1 675.468133161044 480 369
2967.9144600200066 2520.6144600200064 50523834.0 1 670.3975598951275 480 389
3010.0992598405483 2485.0992598405483 50523849.0 1 664.5491940565274 480 443
3052.6572405786555 2463.2572405786555 50523864.0 1 674.1987161090497 480 498
3097.719360580586 2471.9193605805863 50523879.0 1 654.788816338253 490 517
3143.281071971901 2506.281071971901 50523894.0 1 646.6092996027861 490 524
3183.8815133411904 2558.7815133411905 50523909.0 1 638.0675626368607 490 535
3220.373179341214 2644.9731793412143 50523924.0 1 623.1806433936433 500 541
3241.6886788465804 2744.6886788465804 50523939.0 1 641.5027924051278 500 544
3241.6118279479942 2853.1118279479942 50523954.0 1 622.7087403169828 500 546
3219.459379138498 2975.8593791384983 50523969.0 1 635.3613722000368 510 544
3187.0773694884997 3091.1773694884996 50523984.0 1 626.4843758849389 510 546
3149.2528838614476 3201.7528838614476 50523999.0 1 645.9231484714974 520 536
3107.938668937508 3247.238668937508 50524014.0 1 637.5758120917365 520 537
3058.085232518527 3251.285232518527 50524029.0 1 653.3851486649278 520 540
3000.973430876103 3227.773430876103 50524044.0 1 637.5887929328527 520 548
2939.3404405285664 3166.1404405285666 50524059.0 1 637.6675801156293 520 548
2873.193452941181 3066.393452941181 50524074.0 1 645.6688962869652 510 559
2834.1081068803296 2941.9081068803293 50524089.0 1 645.838277284875 510 580
2813.8120001498482 2833.412000149848 50524104.0 1 645.5762162527178 510 600
2830.656874933291 2724.256874933291 50524119.0 1 647.0638547418656 510 616
2884.5568749332906 2626.256874933291 50524119.0 1 652.7260109350723 500 616
2962.4855399800886 2534.7855399800887 50524134.0 1 652.7382902842685 500 619
3059.600740159458 2487.700740159458 50524149.0 1 656.2069723349653 500 613
3161.24275942126 2478.74275942126 50524164.0 1 652.0687627760785 500 617
3270.1806394192577 2494.5806394192577 50524179.0 1 659.2972162503257 500 616
3370.9189280282476 2540.718928028248 50524194.0 1 651.0025746144008 500 600
3464.7184866589546 2620.5184866589548 50524209.0 1 653.9271365051452 510 595
3546.526820658896 2721.926820658896 50524224.0 1 653.2165116821587 510 565
3619.011321153471 2827.3113211534705 50524239.0 1 640.6565250826184 520 501
3684.8881720519867 2945.688172051987 50524254.0 1 653.2898164485053 520 418
3720.340620861416 3072.840620861416 50524269.0 1 641.3700793586603 520 333
3736.622630511367 3192.022630511367 50524284.0 1 655.6089531381781 520 304
3740.8471161387492 3288.6471161387494 50524299.0 1 651.5241734833579 520 307
3744.36133106267 3369.8613310626706 50524314.0 1 662.6481735879305 520 371
3738.914767481594 3369.314767481594 50524329.0 1 660.7213955423681 520 396
3726.726569123934 3339.626569123934 50524344.0 1 658.3730167419884 520 455
3726.759559471378 3291.359559471378 50524359.0 1 666.2137440879523 520 522
3735.5065470589225 3200.7065470589223 50524374.0 1 665.5678440936895 520 566
3753.591893119813 3087.191893119813 50524389.0 1 654.5440669021464 520 600
3768.987999850302 2957.6879998503023 50524404.0 1 672.6818608803012 530 625
3784.3431250668336 2830.943125066834 50524419.0 1 670.70681441541 530 647
3800.214460019984 2714.514460019984 50524434.0 1 671.6127674143459 530 638
3812.9992598405465 2604.7992598405467 50524449.0 1 675.6223551309103 530 641
3826.157240578675 2557.057240578675 50524464.0 1 661.6540383720716 530 647
3838.3193605806223 2539.1193605806225 50524479.0 1 663.7004198631057 530 643
3846.081071971946 2538.481071971946 50524494.0 1 664.848286232672 530 650
3850.9815133412344 2567.1815133412347 50524509.0 1 666.6148579518348 530 644
3850.3731793412476 2651.2731793412477 50524524.0 1 672.1410479205352 530 638
3856.9886788465956 2774.7886788465958 50524539.0 1 653.1242246123201 530 630
3867.411827947988 2899.311827947988 50524554.0 1 653.9137825150573 530 628
3900.5593791386686 3010.859379138669 50524569.0 1 662.979600689291 530 628
3947.277369488765 3081.3773694887655 50524584.0 1 663.9595699283531 530 639
4008.8528838614016 3128.952883861402 50524599.0 1 666.8678883870654 530 638
4084.438668937466 3166.038668937466 50524614.0 1 659.1869556284038 530 643
4169.685232518499 3194.5852325184983 50524629.0 1 654.3451076524568 530 641
4259.573430876094 3217.273430876094 50524644.0 1 647.1063915261508 530 627
4355.4404405285795 3243.840440528579 50524659.0 1 654.3171208047348 530 585
4455.893452941212 3274.993452941212 50524674.0 1 655.1521193824436 540 502
4542.808106880372 3309.4081068803725 50524689.0 1 661.9804851106423 540 444
4610.712000149893 3361.2120001498934 50524704.0 1 655.820696842968 540 296
4593.885876127294 3325.485876127294 50524810.5 0 690.0290983365428 540 280
4576.277189446478 3279.1771894464773 50524825.5 1 688.717806839164 540 345
4563.333689522159 3262.7336895221597 50524840.5 1 699.6345805507314 540 417
4563.377663989295 3233.3776639892944 50524855.5 1 695.0216128136434 540 505
4572.199526987883 3191.0995269878817 50524870.5 1 690.2747906136725 540 583
4581.459908754909 3139.4599087549095 50524885.5 1 680.9844890930574 540 641
4591.97643902406 3066.6764390240596 50524900.5 1 694.0657486529494 540 667
4606.698105278534 2993.8981052785343 50524915.5 1 687.4406421465876 540 664
4624.37277542395 2923.37277542395 50524930.5 1 690.4610458791259 540 664
4647.91496451343 2872.0149645134306 50524945.5 1 687.7239953499414 540 668
4677.380871961782 2832.180871961782 50524960.5 1 694.9051213791286 540 641
4710.656130804993 2823.4561308049933 50524975.5 1 685.7000331560967 550 620
4748.358939512101 2848.558939512102 50524990.5 1 681.912735947802 550 609
4788.957893650134 2895.4578936501343 50525005.5 1 697.7653676849238 550 613
4828.100630337847 2969.600630337847 50525020.5 1 683.0059981457183 550 616
4865.647041363612 3016.2470413636124 50525035.5 1 688.4602821858698 550 609
4900.099814948727 3045.0998149487273 50525050.5 1 691.136930919771 550 616
4934.225648445221 3036.525648445221 50525065.5 1 673.8010874451944 560 630
4963.862507878413 3009.4625078784134 50525080.5 1 671.3387071577732 560 645
4989.81135184787 2969.6113518478705 50525095.5 1 673.0974087677891 560 636
5010.114123872562 2938.1141238725627 50525110.5 1 683.3845602669297 570 636
5034.022810553416 2924.222810553417 50525125.5 1 682.7495535632996 570 616
5064.466310477796 2923.866310477795 50525140.5 1 681.9312804447771 570 591
5098.022336010731 2943.4223360107308 50525155.5 1 684.4850228842038 570 559
5131.900473012208 2989.9004730122087 50525170.5 1 680.2756159042162 570 557
5166.040091245226 3054.8400912452266 50525185.5 1 692.3644549961812 580 530
5200.323560975741 3100.323560975742 50525200.5 1 689.1271619992206 580 538
5239.50189472129 3122.701894721291 50525215.5 1 694.9039937017228 580 606
5284.1272245759355 3128.8272245759363 50525230.5 1 693.6309797865495 580 688
5331.28503548654 3129.085035486541 50525245.5 1 699.0223154580557 580 717
5394.919128038282 3122.019128038282 50525260.5 1 691.640666190383 580 714
5468.743869194897 3116.7438691948973 50525275.5 1 679.0715849525512 580 694
5551.441060487753 3128.741060487753 50525290.5 1 689.1628446394631 580 676
5626.342106349715 3151.142106349716 50525305.5 1 690.9431392333643 580 666
5687.999369662031 3191.099369662031 50525320.5 1 690.8604134209415 580 669
5743.55295863632 3228.4529586363205 50525335.5 1 691.0892647377068 580 666
5774.900185051275 3264.700185051275 50525350.5 1 681.8945315776825 580 664
5786.974351554849 3293.5743515548493 50525365.5 1 691.7874842111763 580 667
5787.43749212171 3326.2374921217106 50525380.5 1 696.5926419471184 580 622
5769.188648151933 3375.8886481519335 50525395.5 1 690.2207113479212 580 605
5744.685876127251 3434.68587612725 50525410.5 1 688.1568545710263 580 599
5713.777189446445 3463.2771894464454 50525425.5 1 693.0050161925329 580 600
5678.433689522146 3470.633689522146 50525440.5 1 694.8204417464233 580 609
5643.4776639893025 3463.677663989303 50525455.5 1 701.8996534864156 580 622
5610.2995269877 3431.1995269877 50525470.5 1 699.3784507217458 580 636
5590.159908754637 3370.459908754637 50525485.5 1 700.021677457628 580 667
5578.2764390241055 3290.676439024106 50525500.5 1 718.0538861498428 580 681
5577.598105278575 3217.8981052785753 50525515.5 1 721.2776558919177 580 690
5577.072775423976 3158.5727754239765 50525530.5 1 714.8624838072545 580 707
5590.814964513436 3108.6149645134374 50525545.5 1 723.5488454008545 580 714
5606.280871961767 3077.180871961767 50525560.5 1 723.7682973088002 580 714
5623.456130804961 3064.25613080496 50525575.5 1 726.2813441393457 580 713
5640.858939512057 3064.8589395120575 50525590.5 1 720.138530495735 580 713
5659.757893650089 3083.0578936500888 50525605.5 1 720.1282392547893 580 705
5684.20063033781 3121.5006303378104 50525620.5 1 720.2277137864526 580 699
5714.047041363592 3172.3470413635923 50525635.5 1 717.8711346113226 580 697
5746.399814948722 3198.399814948722 50525650.5 1 720.0168994290121 580 703
5780.525648445079 3198.225648445079 50525665.5 1 710.3879452129258 590 727
5817.862507878165 3185.862507878165 50525680.5 1 709.3747276449542 590 793
5855.011351847916 3136.2113518479164 50525695.5 1 715.1281816871054 590 831
5884.414123872606 3069.7141238726063 50525710.5 1 697.2146212003836 590 863
5909.722810553449 2992.1228105534487 50525725.5 1 697.5192308396714 590 861
5922.666310477809 2940.666310477809 50525740.5 1 703.1742481307465 590 840
5931.722336010723 2916.822336010723 50525755.5 1 704.781025478904 590 748
5939.000473012181 2912.2004730121807 50525770.5 1 707.2658855164012 590 570
5939.540091245185 2928.840091245185 50525785.5 1 701.4811173482086 590 213
