338
1424.4671049150302 5461.36710491503 26332663.5 0 843.8563219731051 450 179
1482.8378639844254 5460.937863984425 26332678.5 1 845.7417555142027 450 251
1478.004180942998 5483.404180942997 26332693.5 1 850.876971613789 450 265
1477.3041904250756 5490.404190425075 26332708.5 1 872.3468663865976 460 250
1476.6904812297994 5484.8904812298 26332723.5 1 859.2763292327122 460 242
1476.2968339538077 5473.296833953807 26332738.5 1 866.2143800463627 460 244
1476.209058566813 5414.409058566813 26332753.5 1 857.1728746451347 460 249
1444.9462889578929 5323.6462889578925 26332768.5 1 876.5259444402295 460 257
1400.6568119973626 5153.3568119973625 26332783.5 1 871.6942225319885 470 282
1337.6293403238863 4927.929340323886 26332798.5 1 873.5527494664756 470 307
1264.1172715378061 4666.117271537806 26332813.5 1 877.3962339529793 470 325
1183.4706456110082 4387.370645611008 26332828.5 1 858.8051407808367 480 333
1082.9688342159202 4118.1688342159205 26332843.5 1 856.5360808710811 490 373
985.6468361277192 3854.946836127719 26332858.5 1 841.7726989949242 490 381
923.0094466424754 3673.3094466424755 26332873.5 1 840.171264347243 500 377
882.5302122657376 3593.6302122657376 26332888.5 1 826.199507837023 500 309
875.5353985333247 3582.4353985333246 26332903.5 1 822.6833515463145 500 161
939.7958190569793 3895.8958190569792 26332993.5 0 759.7562609125804 500 155
1020.995809574902 4057.595809574902 26333008.5 1 767.5481882790217 500 273
1065.0095187701834 4130.309518770184 26333023.5 1 760.5050831798941 500 363
1147.3031660461838 4200.703166046184 26333038.5 1 759.6784045736026 500 397
1250.2909414331702 4272.19094143317 26333053.5 1 751.6768484647653 500 413
1366.2537110420237 4352.453711042023 26333068.5 1 749.860360657603 500 400
1515.5431880026572 4438.043188002656 26333083.5 1 757.3273824946021 500 304
1650.6706596761364 4518.5706596761365 26333098.5 1 756.5196688569018 500 86
1881.190553357509 4533.490553357508 26333173.5 0 782.3717058183615 510 137
1729.8697877342406 4345.76978773424 26333188.5 1 792.1196386973565 510 230
1624.1646014666524 4215.564601466652 26333203.5 1 793.9159854985459 510 267
1519.8235342269584 4065.0235342269584 26333218.5 1 807.7190289395961 510 287
1415.3029472716034 3943.0029472716033 26333233.5 1 804.7727206279368 520 311
1356.698334812443 3863.398334812443 26333248.5 1 807.6106000115489 520 305
1329.2671049149772 3812.867104914977 26333263.5 1 806.4113551146382 530 315
1333.7378639844617 3806.8378639844614 26333278.5 1 809.8987190379105 530 361
1370.204180943043 3822.304180943043 26333293.5 1 823.1912160618224 530 418
1427.6041904251204 3851.70419042512 26333308.5 1 803.2305279871497 540 436
1532.6904812298335 3914.7904812298334 26333323.5 1 808.3811712595615 540 443
1631.6968339537625 3978.096833953762 26333338.5 1 810.5560516030052 540 440
1726.109058566808 4027.0090585668077 26333353.5 1 792.6460432852299 540 418
1808.9462889579636 4065.7462889579633 26333368.5 1 811.0047193345251 540 366
1864.0568119973227 4083.7568119973225 26333383.5 1 784.0897207975236 550 291
1901.1293403238403 4068.32934032384 26333398.5 1 792.6334331891528 550 251
1895.517271537764 4031.217271537764 26333413.5 1 788.2723407435602 550 212
1844.9706456109793 3950.5706456109788 26333428.5 1 786.4224604738746 550 205
1763.813525491522 3844.913525491522 26333430.0 1 781.5582354086677 550 208
1670.9815325108723 3722.681532510872 26333445.0 1 776.102670093229 550 207
1557.5265847744483 3593.8265847744483 26333460.0 1 773.2549609088342 550 207
1430.460660171837 3442.260660171837 26333475.0 1 783.027898724803 550 207
1298.9635254915327 3275.0635254915323 26333490.0 1 780.5706687932965 550 208
1172.26534830247 3121.06534830247 26333505.0 1 774.556783380259 560 252
1051.2183221216367 2966.4183221216363 26333520.0 1 760.5614718536652 550 337
988.4634902137087 2872.163490213709 26333535.0 1 756.4747703348415 550 339
965.9 2818.7999999999997 26333550.0 1 765.7324357185319 550 366
977.9634902136695 2809.8634902136696 26333565.0 1 766.7442697662835 540 445
1036.5183221215668 2834.818322121567 26333580.0 1 764.3910075605169 540 490
1126.065348302385 2881.6653483023847 26333595.0 1 773.2059385325026 540 492
1254.1635254916164 3003.4635254916166 26333610.0 1 764.4966696727513 540 502
1406.660660171776 3155.2606601717757 26333625.0 1 771.9251832266235 540 491
1575.0265847744217 3327.8265847744215 26333640.0 1 761.0409014419466 540 458
1711.581532510913 3474.8815325109126 26333655.0 1 767.8385590360384 540 415
1821.913525491675 3590.813525491675 26333670.0 1 762.6292918824414 530 349
1915.1809857495246 3685.4809857495243 26333685.0 1 770.9553000875636 540 256
1959.2999999999672 3773.699999999967 26333700.0 1 761.8248683269733 540 99
1874.573415225544 3907.3734152255442 26333760.0 0 772.8076367328173 540 146
1726.53933982827 3859.4393398282696 26333775.0 1 781.7150266046433 550 217
1676.7364745084453 3818.736474508445 26333790.0 1 762.9511862432539 550 221
1647.3346516975068 3776.7346516975067 26333805.0 1 766.1178350810977 550 233
1631.8816778783446 3695.4816778783447 26333820.0 1 765.5014450629824 550 262
1626.0365097862807 3589.5365097862805 26333835.0 1 774.6758129363249 550 314
1631.1 3437.7999999999997 26333850.0 1 783.7304867663532 540 343
1642.8365097862616 3271.0365097862614 26333865.0 1 773.1259243044725 540 362
1659.1816778784516 3094.8816778784517 26333880.0 1 777.4094992270225 540 400
1674.6346516976375 2903.8346516976376 26333895.0 1 781.7293769345774 540 473
1690.0364745085712 2800.236474508571 26333910.0 1 780.3883963787007 540 518
1705.5393398282401 2755.53933982824 26333925.0 1 780.6420778845506 540 561
1729.6734152255851 2755.1734152255854 26333940.0 1 770.8152371135656 540 591
1786.3184674891106 2811.8184674891104 26333955.0 1 769.5932289119997 540 570
1864.2864745084134 2907.286474508414 26333970.0 1 784.5529002634964 540 420
2224.6000000000136 4573.100000000013 26334300.0 0 827.5069600184243 500 188
2223.919014250458 4572.419014250458 26334315.0 1 832.5361164635186 490 230
2232.486474508416 4593.586474508415 26334330.0 1 846.810826205191 490 223
2232.218467489111 4593.318467489111 26334345.0 1 839.2374499883005 490 216
2239.9734152255296 4588.47341522553 26334360.0 1 843.5715343184918 490 218
2248.739339828237 4583.939339828237 26334375.0 1 843.6743516500746 490 228
2256.3364745084014 4571.236474508401 26334390.0 1 835.2807000513318 490 254
2261.2346516974612 4553.0346516974605 26334405.0 1 844.5833942104474 490 277
2266.0816778783073 4541.081677878307 26334420.0 1 841.6953049371908 490 297
2266.5365097862596 4531.03650978626 26334435.0 1 841.9122975961141 490 319
2274.3999999999996 4521.4 26334450.0 1 842.1309798514663 500 348
2282.636509786282 4495.3365097862825 26334465.0 1 837.4176078399458 500 364
2286.381677878489 4443.781677878489 26334480.0 1 842.0887190324198 500 372
2285.734651697683 4375.934651697683 26334495.0 1 852.4580273794289 500 381
2272.436474508615 4289.136474508615 26334510.0 1 842.6537672928129 500 389
2243.839339828149 4180.0393398281485 26334525.0 1 844.2485364717589 500 394
2205.6734152255453 4056.473415225545 26334540.0 1 839.6930321723763 510 398
2158.0184674891034 3942.318467489103 26334555.0 1 835.4589222226166 510 394
2111.3864745083865 3828.4864745083864 26334570.0 1 836.3901140441784 510 394
2089.519014250258 3717.019014250258 26334585.0 1 824.4395605737004 510 371
2083.1999999999634 3648.3999999999633 26334600.0 1 828.0079878754062 510 311
2097.8809857496767 3607.0809857496765 26334615.0 1 818.9585990932284 520 257
2115.21352549157 3607.61352549157 26334630.0 1 820.1928296435767 520 241
2147.681532510885 3638.681532510885 26334645.0 1 823.7547463961357 520 244
2188.926584774477 3695.3265847744765 26334660.0 1 819.1403817089752 520 280
2229.860660171779 3776.860660171779 26334675.0 1 821.0698004531797 520 340
2272.66352549162 3860.26352549162 26334690.0 1 803.3152968620993 530 389
2320.9653483023885 3945.6653483023883 26334705.0 1 807.7070702897337 530 415
2378.41832212157 4022.71832212157 26334720.0 1 810.3793308869723 540 438
2442.0621360155233 4098.962136015523 26334721.5 1 793.6563301751934 530 449
2501.8328950850864 4154.532895085086 26334736.5 1 794.2523345498395 530 448
2553.5016651875494 4197.101665187549 26334751.5 1 807.1446368760523 530 441
2599.8970527283195 4216.897052728319 26334766.5 1 789.9521051164168 530 389
2628.3764657730576 4217.376465773057 26334781.5 1 795.1685260609665 530 330
2636.7353985333666 4201.235398533367 26334796.5 1 809.6887777756986 520 284
2631.130212265614 4145.930212265614 26334811.5 1 804.2188943134149 520 237
2595.3094466423863 4049.9094466423862 26334826.5 1 808.2657076471488 520 173
2538.946836127638 3926.3468361276377 26334841.5 1 798.0473771063777 520 127
2468.2688342159113 3775.868834215911 26334856.5 1 808.9187215995606 520 93
2385.3706456109817 3620.8706456109817 26334871.5 1 818.2273888294379 520 113
2298.0172715379263 3484.5172715379263 26334886.5 1 804.4134285617665 520 251
2207.7293403240183 3361.329340324018 26334901.5 1 813.3648776161955 520 369
2142.656811997478 3286.456811997478 26334916.5 1 813.7547160315711 520 400
2121.146288957966 3258.6462889579657 26334931.5 1 814.5510758482901 520 425
2128.6090585668276 3262.6090585668276 26334946.5 1 813.579767465956 520 468
2157.396833953761 3286.496833953761 26334961.5 1 810.3247921289733 520 480
2236.8904812297014 3377.8904812297014 26334976.5 1 803.7700675647435 520 485
2349.504190424948 3513.6041904249482 26334991.5 1 812.9002529790829 520 488
2487.404180943039 3671.104180943039 26335006.5 1 801.5255421851649 530 477
2617.5378639844585 3822.2378639844583 26335021.5 1 794.5337640023722 530 433
2741.867104914904 3968.2671049149035 26335036.5 1 806.4643317029825 530 374
2819.698334812443 4063.598334812443 26335051.5 1 793.273330327812 530 312
2865.7029472716913 4155.802947271692 26335066.5 1 792.9989371745706 530 228
2889.7235342269614 4228.123534226962 26335081.5 1 793.1910761492063 530 112
2746.053163872322 4386.853163872321 26335141.5 0 797.064230799254 520 55
2589.931165784083 4460.331165784083 26335156.5 1 805.1005834054735 520 185
2537.029354389004 4478.829354389004 26335171.5 1 809.8681210115019 520 280
2500.482728462052 4488.482728462051 26335186.5 1 811.8302194353888 520 291
2493.470659675958 4484.970659675958 26335201.5 1 818.2636263725923 510 289
2498.343188002502 4477.943188002502 26335216.5 1 821.2145312475836 510 307
2511.453711042117 4414.753711042117 26335231.5 1 821.0330381322668 510 340
2524.9909414331887 4316.290941433188 26335246.5 1 825.3265643879757 510 364
2531.903166046247 4170.603166046247 26335261.5 1 829.4137391026195 500 381
2531.5095187703155 3989.6095187703154 26335276.5 1 830.8767237171603 500 402
2515.495809575074 3784.595809575074 26335291.5 1 821.2295773288205 500 407
2480.4958190571538 3569.695819057154 26335306.5 1 843.4091827846162 500 409
2435.062136015559 3398.962136015559 26335321.5 1 826.7942861327728 500 409
2394.7328950850338 3257.8328950850337 26335336.5 1 832.0994121081517 500 409
2377.8016651875555 3215.7016651875556 26335351.5 1 827.2687189092792 510 322
2377.9970527282962 3208.1970527282965 26335366.5 1 816.3906020720599 510 10
2433.6251666044645 3618.025166604464 26335473.0 0 784.2968249406144 530 184
2524.752186828949 3613.252186828949 26335488.0 1 792.1082726086867 530 284
2529.6588375300007 3604.1588375300007 26335503.0 1 781.7995556453599 540 371
2567.496259807566 3597.896259807566 26335518.0 1 775.1125684352261 540 438
2627.908886959546 3557.508886959546 26335533.0 1 790.5156941062645 540 465
2694.2029599073676 3504.1029599073677 26335548.0 1 788.156080869034 540 475
2783.9233680614525 3442.6233680614528 26335563.0 1 792.6985758182275 540 486
2889.3438640154222 3367.443864015422 26335578.0 1 790.4067313872574 540 486
3023.6727851379023 3293.1727851379023 26335593.0 1 776.5303469132111 540 472
3158.7730348306836 3222.473034830684 26335608.0 1 798.5128147813831 540 435
3315.49196779789 3187.3919677978897 26335623.0 1 799.0143666334523 540 335
3485.2946647288263 3174.4946647288266 26335638.0 1 807.6496788081839 540 48
4101.896259807605 4552.696259807605 26336118.0 0 878.1435166125283 480 94
4018.108886959481 4529.80888695948 26336133.0 1 862.9514590517808 480 195
3968.20295990736 4519.802959907359 26336148.0 1 861.5847467679164 480 259
3916.523368061434 4513.623368061435 26336163.0 1 863.3168990996826 480 294
3895.243864015387 4503.543864015387 26336178.0 1 859.9303353354567 480 316
3895.872785137857 4504.172785137857 26336193.0 1 856.5698304583677 480 342
3917.5730348306392 4513.2730348306395 26336208.0 1 856.79746182447 470 374
3967.8919677979857 4540.491967797986 26336223.0 1 838.0885221241995 480 388
4059.2946647288095 4598.994664728809 26336238.0 1 844.856896538613 480 399
4177.6933429469 4678.8933429469 26336253.0 1 841.565418920941 480 407
4302.0664918882585 4752.166491888259 26336268.0 1 850.8128470071698 480 415
4428.9635621236885 4823.063562123688 26336283.0 1 859.3057569891225 480 414
4531.894185779429 4872.09418577943 26336298.0 1 847.7626336508574 480 425
4616.604278164229 4907.804278164229 26336313.0 1 855.2249878493485 480 436
4672.74423013578 4914.24423013578 26336328.0 1 855.0535120719697 480 438
4710.236124857086 4910.436124857086 26336343.0 1 858.1636674034797 480 431
4734.747125258298 4899.947125258298 26336358.0 1 847.4225976435787 480 436
4748.37483339549 4872.27483339549 26336373.0 1 860.8588435436668 490 440
4735.647813170824 4809.147813170824 26336388.0 1 861.1282606389141 490 440
4705.54116246993 4722.34116246993 26336403.0 1 856.5572707031129 490 440
4647.4037401925225 4615.203740192523 26336418.0 1 855.4905333221357 490 443
4582.091113040507 4507.891113040507 26336433.0 1 860.2350895886138 490 425
4510.897040092638 4403.097040092638 26336448.0 1 871.9823124719973 490 402
4445.676631938573 4332.276631938574 26336463.0 1 865.6159429170119 490 346
4394.15613598463 4281.45613598463 26336478.0 1 864.2846038545232 490 274
4351.527214862165 4259.827214862165 26336493.0 1 859.0751232963208 490 53
4370.0808719617935 4377.0808719617935 26336539.5 0 856.6421529164945 500 34
4447.0149645134015 4505.814964513401 26336554.5 1 855.418118888937 500 170
4460.572775423829 4518.672775423829 26336569.5 1 863.2189043265657 500 235
4456.198105278657 4510.798105278657 26336584.5 1 859.4308010642532 500 317
4463.876439024024 4489.076439024024 26336599.5 1 873.0762132138968 500 354
4468.7599087547205 4421.159908754721 26336614.5 1 863.5520936266395 500 368
4462.299526987651 4341.199526987652 26336629.5 1 855.4663691921226 500 368
4447.8776639891985 4253.977663989199 26336644.5 1 853.7531838936674 500 366
4434.53368952217 4190.233689522171 26336659.5 1 860.1115716187637 500 363
4434.177189446624 4165.3771894466245 26336674.5 1 850.1188685842626 500 373
4437.785876127327 4164.785876127328 26336689.5 1 854.6649364323689 500 394
4448.988648152187 4173.188648152187 26336704.5 1 855.4769740093764 500 435
4484.037492122063 4213.837492122063 26336719.5 1 858.5659081043141 500 452
4534.674351554888 4277.774351554887 26336734.5 1 855.1083012725838 500 453
4598.200185051276 4357.400185051276 26336749.5 1 864.9588452356728 500 455
4662.752958636361 4435.952958636361 26336764.5 1 867.7909194631441 500 449
4717.099369661966 4514.799369661966 26336779.5 1 861.1323619877094 500 402
4763.942106349464 4574.242106349464 26336794.5 1 860.2621320931777 500 361
4783.541060487842 4609.241060487841 26336809.5 1 856.3880213318531 500 304
4760.343869194839 4628.743869194839 26336824.5 1 857.2363066189542 500 257
4707.519128038199 4629.119128038199 26336839.5 1 853.4546402618079 500 260
4619.385035486577 4615.885035486577 26336854.5 1 852.8435452280256 500 284
4518.327224576184 4586.927224576184 26336869.5 1 847.4889148467471 500 282
4409.301894721362 4539.501894721362 26336884.5 1 857.2903226203688 500 316
4302.923560975998 4484.923560975998 26336899.5 1 858.0599119682764 500 339
4240.6400912453 4426.140091245299 26336914.5 1 851.2694275590678 500 345
4207.900473012362 4394.100473012362 26336929.5 1 864.6563323196184 500 334
4193.622336010775 4370.7223360107755 26336944.5 1 860.3009689451767 500 339
4193.666310477823 4353.266310477823 26336959.5 1 866.6231939616042 500 348
4206.62281055336 4333.32281055336 26336974.5 1 865.3256672884888 500 361
4212.81412387265 4286.31412387265 26336989.5 1 862.2167150538934 500 402
4200.91135184779 4220.51135184779 26337004.5 1 862.2697103526992 500 431
4177.062507877918 4104.962507877917 26337019.5 1 859.0588716676066 500 452
4118.725648445183 3980.125648445183 26337034.5 1 863.307964656862 500 467
4027.899814948723 3849.399814948723 26337049.5 1 864.1683944327381 500 473
3915.0470413636485 3721.8470413636483 26337064.5 1 856.6512341407469 500 477
3820.800630338052 3636.0006303380524 26337079.5 1 856.0495706117755 500 468
3766.9578936505586 3577.257893650559 26337094.5 1 854.8259503779698 500 398
3740.3589395121794 3554.8589395121794 26337109.5 1 850.486927663016 500 168
3824.599526987728 3858.899526987728 26337229.5 0 821.5621480166838 520 217
3828.3776639892203 3806.6776639892205 26337244.5 1 818.8693375745228 510 280
3819.933689522235 3799.6336895222353 26337259.5 1 804.8393752748556 520 287
3819.5771894466557 3799.277189446656 26337274.5 1 813.0416980489151 520 284
3818.985876127371 3793.785876127371 26337289.5 1 811.6116205153811 520 289
3818.2886481522323 3793.0886481522325 26337304.5 1 810.2660441900618 520 312
3823.237492121958 3792.437492121958 26337319.5 1 805.7511385214085 520 344
3829.074351554909 3796.874351554909 26337334.5 1 804.0821317074194 510 361
3838.700185051277 3803.0001850512767 26337349.5 1 809.2393459315833 510 386
3854.252958636341 3810.152958636341 26337364.5 1 801.3094467192234 510 397
3880.5993696619284 3814.0993696619284 26337379.5 1 806.3173092416325 510 417
3914.8421063494184 3814.742106349418 26337394.5 1 808.5300551909031 510 444
3968.041060487798 3815.4410604877976 26337409.5 1 805.9301570310708 520 465
4047.743869194931 3804.843869194931 26337424.5 1 797.2594380001973 520 486
4144.71912803824 3798.2191280382403 26337439.5 1 790.0220632719738 520 504
4265.185035486584 3803.8850354865835 26337454.5 1 802.2690478485383 520 520
4435.727224576211 3817.62722457621 26337469.5 1 804.1703657174901 520 513
4639.601894721558 3849.3018947215583 26337484.5 1 805.1413369164137 520 515
4862.92356097587 3888.5235609758697 26337499.5 1 801.8979014146524 540 519
5061.040091245184 3932.640091245184 26337514.5 1 800.367077520979 540 512
5242.5004730122855 3960.1004730122854 26337529.5 1 802.9189107673449 540 489
5387.122336010782 3983.622336010783 26337544.5 1 794.700194791398 540 458
5497.066310477758 3999.0663104777577 26337559.5 1 808.7099381213568 550 361
5584.222810553328 4010.622810553328 26337574.5 1 808.9854018140792 550 58
4457.1147674814365 3703.9147674814367 26337771.0 0 875.5975220552491 550 458
4390.461331062596 3558.161331062596 26337786.0 1 870.8084009007991 550 468
4319.047116138493 3551.1471161384934 26337801.0 1 869.6409184130536 550 468
4291.02263051099 3525.2226305109893 26337816.0 1 864.4064389202028 540 474
4291.54062086137 3486.54062086137 26337831.0 1 874.66087422522 540 442
4316.288172051975 3401.388172051976 26337846.0 1 871.7481414008898 530 410
4342.811321153439 3330.6113211534393 26337861.0 1 851.4391090974719 530 386
4371.826820658955 3270.026820658956 26337876.0 1 858.0167849537017 530 371
4401.318486659201 3226.718486659201 26337891.0 1 846.4455752315189 530 346
4426.518928028156 3198.0189280281566 26337906.0 1 857.4974854707782 530 336
4449.680639419597 3179.8806394195976 26337921.0 1 840.9925636860129 540 338
4455.542759421294 3179.442759421295 26337936.0 1 830.9845889745802 550 346
4455.40074015945 3187.7007401594497 26337951.0 1 808.5622277029779 550 344
4444.385539979881 3203.285539979881 26337966.0 1 815.7303580773312 550 346
4436.456874933223 3242.2568749332236 26337981.0 1 804.9371742135828 550 348
4430.112000149593 3289.8120001495936 26337996.0 1 817.6277095886148 550 358
4430.808106880252 3343.7081068802527 26338011.0 1 800.8544233917447 560 372
4451.693452941125 3414.993452941125 26338026.0 1 801.5276924974513 560 409
4491.940440528495 3485.340440528495 26338041.0 1 799.9098822428673 560 427
4555.673430876085 3532.273430876085 26338056.0 1 799.863015903354 560 428
4633.085232518577 3564.1852325185773 26338071.0 1 803.998410697535 560 427
4719.338668937424 3560.138668937424 26338086.0 1 799.5767920194538 560 420
4804.052883861529 3535.6528838615295 26338101.0 1 800.0460112105809 570 415
4856.577369488877 3497.877369488878 26338116.0 1 803.1089301384762 570 420
4886.859379138544 3450.459379138544 26338131.0 1 808.4641387304342 570 425
4876.811827948026 3383.711827948026 26338146.0 1 810.8629453281193 570 441
4825.788678846553 3304.6886788465526 26338161.0 1 820.125764938761 570 473
4747.073179341027 3237.873179341027 26338176.0 1 812.3643979819784 570 520
4669.281513340777 3190.1815133407767 26338191.0 1 819.43143830921 560 546
4621.6810719718205 3155.881071971821 26338206.0 1 818.356788187822 560 560
4593.619360580521 3146.7193605805214 26338221.0 1 817.0172144143779 560 564
4599.657240578695 3154.8572405786954 26338236.0 1 813.6730049572112 560 567
4633.39925984055 3174.5992598405505 26338251.0 1 805.2149537679799 570 539
4685.71446002013 3227.6144600201296 26338266.0 1 808.7943011465654 570 514
4760.843125066795 3293.643125066795 26338281.0 1 822.005612171024 570 467
4826.687999850429 3367.887999850429 26338296.0 1 812.4104584337455 570 440
4885.491893119604 3441.3918931196044 26338311.0 1 815.9252510366937 570 396
4917.80654705889 3507.3065470588904 26338326.0 1 815.1560455134733 570 296
4920.959559471511 3563.6595594715113 26338341.0 1 835.5901193917971 580 173
4905.52656912391 3620.32656912391 26338356.0 1 823.3478529812601 580 51
4858.214767481409 3675.9147674814085 26338371.0 1 824.9386426382345 580 50
4792.961331062555 3712.8613310625547 26338386.0 1 829.4916806076742 580 170
4715.247116138622 3738.0471161386213 26338401.0 1 825.9653307848749 580 279
4658.522630511101 3729.6226305111018 26338416.0 1 823.2008941744498 580 312
4624.740620861443 3708.4406208614423 26338431.0 1 826.5997329303855 570 334
4606.08817205197 3677.8881720519703 26338446.0 1 812.0015518828516 570 346
4606.011321153454 3623.9113211534545 26338461.0 1 823.8480822336575 570 369
4612.626820658988 3556.326820658989 26338476.0 1 824.897673835177 570 384
4630.918486659078 3480.1184866590775 26338491.0 1 825.7093566133298 570 402
4644.218928028031 3402.41892802803 26338506.0 1 831.3716865784386 560 423
4657.580639419497 3324.0806394194965 26338521.0 1 845.5776963793502 560 415
4666.242759421314 3245.2427594213145 26338536.0 1 832.5800901881313 560 414
4671.700740159448 3161.800740159448 26338551.0 1 824.3502887912555 560 409
4671.885539979859 3073.7855399798586 26338566.0 1 826.8104007950387 570 393
4663.956874933185 2984.6568749331855 26338581.0 1 818.6092373050973 560 361
4647.812000149721 2897.112000149721 26338596.0 1 812.7438982083607 560 334
4619.808106880373 2808.208106880373 26338611.0 1 810.0242715928906 560 369
4574.193452941093 2733.8934529410935 26338626.0 1 809.8683803813944 550 415
4516.440440528482 2670.540440528482 26338641.0 1 797.7357510749781 560 458
4463.258554880603 2608.2585548806032 26338657.5 1 799.9756563640111 560 496
4438.440608948459 2578.5406089484595 26338672.5 1 809.0188357402859 560 522
4432.274025148528 2570.274025148529 26338687.5 1 794.899481839229 570 544
4439.28231135645 2573.08231135645 26338702.5 1 789.9741546538733 570 561
4485.516252153015 2611.6162521530146 26338717.5 1 788.2955068026896 570 570
4557.121039753555 2674.1210397535556 26338732.5 1 785.1972595725614 570 575
4671.004623999404 2786.6046239994043 26338747.5 1 788.6303064494589 580 567
4799.914180701255 2902.2141807012554 26338762.5 1 790.5311936884442 580 556
4939.625827927501 3020.2258279275015 26338777.5 1 786.816990684085 580 521
5041.049831954151 3100.6498319541515 26338792.5 1 789.1210121697183 580 501
5117.350168045658 3152.4501680456588 26338807.5 1 800.9276083089709 580 463
5177.4741720723505 3185.97417207235 26338822.5 1 797.1023457875007 580 413
5200.285819298803 3200.3858192988037 26338837.5 1 793.8056677511329 590 325
5208.095376000597 3204.6953760005968 26338852.5 1 791.3935347645846 590 217
5102.559391051525 3339.2593910515247 26338972.5 0 825.2144248593233 600 55
5115.725974851449 3360.8259748514492 26338987.5 1 802.4839990735501 600 149
5119.917688643526 3368.5176886435265 26339002.5 1 810.3428350160495 600 188
5120.583747847113 3369.183747847114 26339017.5 1 817.1314751501264 600 247
5130.178960246523 3375.278960246523 26339032.5 1 824.9327443824806 590 317
5136.695376000594 3378.9953760005938 26339047.5 1 833.1909857940292 590 361
5143.585819298753 3378.8858192987536 26339062.5 1 827.0669780824163 590 397
5152.274172072515 3378.474172072516 26339077.5 1 836.7939226158906 580 441
5165.6501680458705 3377.8501680458708 26339092.5 1 840.3815635443226 590 485
5185.249831954363 3365.9498319543636 26339107.5 1 840.9791293003251 590 526
5213.325827927534 3335.2258279275347 26339122.5 1 853.4107387868075 580 581
5255.614180701205 3290.714180701205 26339137.5 1 852.9212004534382 580 614
5306.6046239994 3225.5046239994012 26339152.5 1 835.2230361951217 580 613
5358.621039753441 3146.6210397534414 26339167.5 1 832.0707706902822 580 616
5408.116252152829 3058.216252152829 26339182.5 1 834.5867020951099 590 616
5455.682311356232 2988.1823113562323 26339197.5 1 853.613377213649 590 599
5502.5740251484885 2943.3740251484883 26339212.5 1 851.9061413950334 590 465
